DFS 24
SMIRNOV333_20_182_APPROX_1 = [ 9000 9000 9000 1 5215.83 ;  9500 9500 9500 1 6097.92 ;  10000 10000 10000 1 7141.31 ;  10500 10500 10500 1 8032.13 ;  11000 11000 11000 1 5075.33 ;  11500 11500 11500 1 5875.48 ;  12000 12000 12000 1 6340.4 ;  12500 12500 12500 1 13448.5 ;  13000 13000 13000 1 15164.3 ; ];
SMIRNOV333_20_182_APPROX_2 = [ 9000 9000 9000 2 5179.39 ;  9500 9500 9500 2 6166.03 ;  10000 10000 10000 2 6964.26 ;  10500 10500 10500 2 7825.75 ;  11000 11000 11000 2 8694.84 ;  11500 11500 11500 2 9920.8 ;  12000 12000 12000 2 11051.1 ;  12500 12500 12500 2 12263.6 ;  13000 13000 13000 2 13899.6 ; ];


Application 9905719 resources: utime ~19151s, stime ~1660s, Rss ~30354320, inblocks ~5439, outblocks ~21894
SMIRNOV433_29_204_1 = [ 9000 9000 9000 1 5948.37 ;  9500 9500 9500 1 6656.8 ;  10000 10000 10000 1 7803.09 ;  10500 10500 10500 1 8784.41 ;  11000 11000 11000 1 10121.6 ;  11500 11500 11500 1 11409 ;  12000 12000 12000 1 10466.4 ;  12500 12500 12500 1 14824 ;  13000 13000 13000 1 16369.8 ; ];
SMIRNOV433_29_204_2 = [ 9000 9000 9000 2 5255.5 ;  9500 9500 9500 2 5816.29 ;  10000 10000 10000 2 6044.73 ;  10500 10500 10500 2 6922.49 ;  11000 11000 11000 2 7892.52 ;  11500 11500 11500 2 8484.51 ;  12000 12000 12000 2 9400.37 ;  12500 12500 12500 2 10627 ;  13000 13000 13000 2 11177.8 ; ];


Application 9905856 resources: utime ~19056s, stime ~2838s, Rss ~34511752, inblocks ~5440, outblocks ~21894
SMIRNOV533_36_280_1 = [ 3000 3000 3000 1 282.752 ;  3500 3000 3000 1 304.569 ;  4000 3000 3000 1 351.675 ;  4500 3000 3000 1 389.471 ;  5000 3000 3000 1 457.529 ;  5500 3000 3000 1 501.5 ;  6000 3000 3000 1 495.371 ;  6500 3000 3000 1 531.655 ;  7000 3000 3000 1 568.316 ;  7500 3000 3000 1 606.788 ;  8000 3000 3000 1 645.736 ;  8500 3000 3000 1 686.841 ;  9000 3000 3000 1 723.207 ;  9500 3000 3000 1 771.83 ;  10000 3000 3000 1 807.539 ;  10500 3000 3000 1 846.008 ;  11000 3000 3000 1 889.058 ;  11500 3000 3000 1 936.105 ;  12000 3000 3000 1 959.456 ;  12500 3000 3000 1 995.608 ;  13000 3000 3000 1 1024.38 ;  13500 3000 3000 1 1060.64 ;  14000 3000 3000 1 1105.88 ;  14500 3000 3000 1 1144.84 ;  15000 3000 3000 1 1178.68 ;  15500 3000 3000 1 1223.88 ;  16000 3000 3000 1 1267.97 ;  16500 3000 3000 1 1299.96 ;  17000 3000 3000 1 1334 ;  17500 3000 3000 1 1372.9 ;  18000 3000 3000 1 1426.38 ;  18500 3000 3000 1 1467.5 ;  19000 3000 3000 1 1508.55 ;  19500 3000 3000 1 1545.08 ;  20000 3000 3000 1 1585.02 ; ];
SMIRNOV533_36_280_2 = [ 3000 3000 3000 2 1061.88 ;  3500 3000 3000 2 1154.66 ;  4000 3000 3000 2 1329.53 ;  4500 3000 3000 2 1405.39 ;  5000 3000 3000 2 1556.63 ;  5500 3000 3000 2 1621.29 ;  6000 3000 3000 2 1736.39 ;  6500 3000 3000 2 1865.54 ;  7000 3000 3000 2 1962.96 ;  7500 3000 3000 2 2085.79 ;  8000 3000 3000 2 2211.82 ;  8500 3000 3000 2 2282 ;  9000 3000 3000 2 2401.93 ;  9500 3000 3000 2 2522.15 ;  10000 3000 3000 2 2590.88 ;  10500 3000 3000 2 2726.08 ;  11000 3000 3000 2 2742.03 ;  11500 3000 3000 2 2747.56 ;  12000 3000 3000 2 2817.48 ;  12500 3000 3000 2 2931.56 ;  13000 3000 3000 2 2960.9 ;  13500 3000 3000 2 2968.85 ;  14000 3000 3000 2 2935.9 ;  14500 3000 3000 2 2888.85 ;  15000 3000 3000 2 2973.06 ;  15500 3000 3000 2 3007.03 ;  16000 3000 3000 2 3035.7 ;  16500 3000 3000 2 2942.79 ;  17000 3000 3000 2 3366.63 ;  17500 3000 3000 2 3458.61 ;  18000 3000 3000 2 3271.08 ;  18500 3000 3000 2 3322.45 ;  19000 3000 3000 2 3360.01 ;  19500 3000 3000 2 3585.84 ;  20000 3000 3000 2 3575.32 ; ];


Application 9905993 resources: utime ~16040s, stime ~6203s, Rss ~9851344, inblocks ~5439, outblocks ~21897
SMIRNOV433_29_204_1 = [ 3000 3000 3000 1 288.029 ;  3500 3000 3000 1 294.936 ;  4000 3000 3000 1 356.514 ;  4500 3000 3000 1 378.956 ;  5000 3000 3000 1 385.04 ;  5500 3000 3000 1 460.708 ;  6000 3000 3000 1 470.256 ;  6500 3000 3000 1 541.083 ;  7000 3000 3000 1 553.944 ;  7500 3000 3000 1 568.833 ;  8000 3000 3000 1 638.799 ;  8500 3000 3000 1 654.663 ;  9000 3000 3000 1 720.615 ;  9500 3000 3000 1 740.273 ;  10000 3000 3000 1 754.849 ;  10500 3000 3000 1 820.915 ;  11000 3000 3000 1 834.787 ;  11500 3000 3000 1 908.116 ;  12000 3000 3000 1 918.582 ;  12500 3000 3000 1 936.308 ;  13000 3000 3000 1 994.239 ;  13500 3000 3000 1 1014.55 ;  14000 3000 3000 1 1081.63 ;  14500 3000 3000 1 1099.33 ;  15000 3000 3000 1 1110.04 ;  15500 3000 3000 1 1185.91 ;  16000 3000 3000 1 1196.17 ;  16500 3000 3000 1 1273.68 ;  17000 3000 3000 1 1281.7 ;  17500 3000 3000 1 1299.24 ;  18000 3000 3000 1 1367.76 ;  18500 3000 3000 1 1386.38 ;  19000 3000 3000 1 1448.89 ;  19500 3000 3000 1 1469.23 ;  20000 3000 3000 1 1483.26 ; ];
SMIRNOV433_29_204_2 = [ 3000 3000 3000 2 875.322 ;  3500 3000 3000 2 993.842 ;  4000 3000 3000 2 1089.87 ;  4500 3000 3000 2 1201.2 ;  5000 3000 3000 2 1291.8 ;  5500 3000 3000 2 1401.59 ;  6000 3000 3000 2 1492.77 ;  6500 3000 3000 2 1589.03 ;  7000 3000 3000 2 1695.08 ;  7500 3000 3000 2 1790.24 ;  8000 3000 3000 2 1871.41 ;  8500 3000 3000 2 1928.59 ;  9000 3000 3000 2 1880.52 ;  9500 3000 3000 2 1899.03 ;  10000 3000 3000 2 1965.01 ;  10500 3000 3000 2 2028.82 ;  11000 3000 3000 2 2077.74 ;  11500 3000 3000 2 2112.78 ;  12000 3000 3000 2 2143.31 ;  12500 3000 3000 2 2201 ;  13000 3000 3000 2 2210.97 ;  13500 3000 3000 2 2261.16 ;  14000 3000 3000 2 2290.89 ;  14500 3000 3000 2 2330.55 ;  15000 3000 3000 2 2379.74 ;  15500 3000 3000 2 2396.67 ;  16000 3000 3000 2 2834.69 ;  16500 3000 3000 2 2822.45 ;  17000 3000 3000 2 2806.57 ;  17500 3000 3000 2 2869.93 ;  18000 3000 3000 2 2843.19 ;  18500 3000 3000 2 2233.74 ;  19000 3000 3000 2 2224.58 ;  19500 3000 3000 2 2163.22 ;  20000 3000 3000 2 2154.7 ; ];


Application 9906116 resources: utime ~15484s, stime ~4356s, Rss ~9883568, inblocks ~5440, outblocks ~21897
SMIRNOV525_40_298_1 = [ 3000 2800 3000 1 281.324 ;  3500 2800 3500 1 352.269 ;  4000 2800 4000 1 426.513 ;  4500 2800 4500 1 517.707 ;  5000 2800 5000 1 637.391 ;  5500 2800 5500 1 759.398 ;  6000 2800 6000 1 891.199 ;  6500 2800 6500 1 1032.21 ;  7000 2800 7000 1 1182.91 ;  7500 2800 7500 1 1346.93 ;  8000 2800 8000 1 1501.53 ;  8500 2800 8500 1 1641.25 ;  9000 2800 9000 1 1830.14 ;  9500 2800 9500 1 2048.41 ;  10000 2800 10000 1 2241.3 ;  10500 2800 10500 1 2450.17 ;  11000 2800 11000 1 2589.3 ;  11500 2800 11500 1 2860.52 ;  12000 2800 12000 1 3070.89 ;  12500 2800 12500 1 3420.66 ;  13000 2800 13000 1 3595.16 ;  13500 2800 13500 1 3959.93 ;  14000 2800 14000 1 4252.76 ;  14500 2800 14500 1 4549.01 ;  15000 2800 15000 1 4867.36 ;  15500 2800 15500 1 5045.05 ;  16000 2800 16000 1 5300.75 ;  16500 2800 16500 1 5629.83 ;  17000 2800 17000 1 5989.94 ;  17500 2800 17500 1 6354.85 ;  18000 2800 18000 1 6773.65 ; ];
SMIRNOV525_40_298_2 = [ 3000 2800 3000 2 731.837 ;  3500 2800 3500 2 792.44 ;  4000 2800 4000 2 835.954 ;  4500 2800 4500 2 1004.03 ;  5000 2800 5000 2 1070.57 ;  5500 2800 5500 2 1317.2 ;  6000 2800 6000 2 1473.74 ;  6500 2800 6500 2 1651.57 ;  7000 2800 7000 2 2090.2 ;  7500 2800 7500 2 2361.87 ;  8000 2800 8000 2 2687.02 ;  8500 2800 8500 2 3023.76 ;  9000 2800 9000 2 3458.82 ;  9500 2800 9500 2 3544.41 ;  10000 2800 10000 2 4159.31 ;  10500 2800 10500 2 4052.92 ;  11000 2800 11000 2 5009.9 ;  11500 2800 11500 2 5536.63 ;  12000 2800 12000 2 6061.71 ;  12500 2800 12500 2 6280.92 ;  13000 2800 13000 2 6774.32 ;  13500 2800 13500 2 7085.21 ;  14000 2800 14000 2 7096.32 ;  14500 2800 14500 2 7061.52 ;  15000 2800 15000 2 7617.06 ;  15500 2800 15500 2 7675.59 ;  16000 2800 16000 2 7822 ;  16500 2800 16500 2 8356.4 ;  17000 2800 17000 2 8497.55 ;  17500 2800 17500 2 9078.75 ;  18000 2800 18000 2 9218.71 ; ];


Application 9906228 resources: utime ~28118s, stime ~6314s, Rss ~28364592, inblocks ~5439, outblocks ~21896
HYBRID 24
SMIRNOV333_20_182_APPROX_1 = [ 9000 9000 9000 1 2920.72 ;  9500 9500 9500 1 3620.53 ;  10000 10000 10000 1 4000.72 ;  10500 10500 10500 1 4523.66 ;  11000 11000 11000 1 5069.7 ;  11500 11500 11500 1 5902.21 ;  12000 12000 12000 1 6271.63 ;  12500 12500 12500 1 7296.2 ;  13000 13000 13000 1 8020.87 ; ];
SMIRNOV333_20_182_APPROX_2 = [ 9000 9000 9000 2 3168.86 ;  9500 9500 9500 2 3585.2 ;  10000 10000 10000 2 4224.4 ;  10500 10500 10500 2 4679.07 ;  11000 11000 11000 2 5107.72 ;  11500 11500 11500 2 6115.8 ;  12000 12000 12000 2 6575.39 ;  12500 12500 12500 2 7358.35 ;  13000 13000 13000 2 8077.58 ; ];


Application 9906393 resources: utime ~15927s, stime ~774s, Rss ~32467860, inblocks ~5902, outblocks ~24143
SMIRNOV433_29_204_1 = [ 9000 9000 9000 1 5428.58 ;  9500 9500 9500 1 6421.91 ;  10000 10000 10000 1 7503.02 ;  10500 10500 10500 1 8545.41 ;  11000 11000 11000 1 9899.99 ;  11500 11500 11500 1 11318.1 ;  12000 12000 12000 1 12689.7 ;  12500 12500 12500 1 14460.7 ;  13000 13000 13000 1 16165.2 ; ];
SMIRNOV433_29_204_2 = [ 9000 9000 9000 2 3342.28 ;  9500 9500 9500 2 4076.6 ;  10000 10000 10000 2 4363.05 ;  10500 10500 10500 2 5041.13 ;  11000 11000 11000 2 5982.85 ;  11500 11500 11500 2 6456.37 ;  12000 12000 12000 2 6857.5 ;  12500 12500 12500 2 7964.33 ;  13000 13000 13000 2 8936.95 ; ];


Application 9906485 resources: utime ~21962s, stime ~883s, Rss ~42969156, inblocks ~5810, outblocks ~24143
SMIRNOV533_36_280_1 = [ 3000 3000 3000 1 266.19 ;  3500 3000 3000 1 284.246 ;  4000 3000 3000 1 313.954 ;  4500 3000 3000 1 353.904 ;  5000 3000 3000 1 406.486 ;  5500 3000 3000 1 444.175 ;  6000 3000 3000 1 470.365 ;  6500 3000 3000 1 510.382 ;  7000 3000 3000 1 553.068 ;  7500 3000 3000 1 590.023 ;  8000 3000 3000 1 633.083 ;  8500 3000 3000 1 661.817 ;  9000 3000 3000 1 701.016 ;  9500 3000 3000 1 735.207 ;  10000 3000 3000 1 759.394 ;  10500 3000 3000 1 805.139 ;  11000 3000 3000 1 845.805 ;  11500 3000 3000 1 881.763 ;  12000 3000 3000 1 919.21 ;  12500 3000 3000 1 948.971 ;  13000 3000 3000 1 991.444 ;  13500 3000 3000 1 1022.75 ;  14000 3000 3000 1 1061.05 ;  14500 3000 3000 1 1086.08 ;  15000 3000 3000 1 1125.74 ;  15500 3000 3000 1 1157.46 ;  16000 3000 3000 1 1200.48 ;  16500 3000 3000 1 1231.95 ;  17000 3000 3000 1 1275.63 ;  17500 3000 3000 1 1305.95 ;  18000 3000 3000 1 1334.08 ;  18500 3000 3000 1 1370.36 ;  19000 3000 3000 1 1416.48 ;  19500 3000 3000 1 1464.58 ;  20000 3000 3000 1 1501.39 ; ];
SMIRNOV533_36_280_2 = [ 3000 3000 3000 2 275.094 ;  3500 3000 3000 2 274.319 ;  4000 3000 3000 2 325.114 ;  4500 3000 3000 2 363.807 ;  5000 3000 3000 2 356.307 ;  5500 3000 3000 2 406.206 ;  6000 3000 3000 2 429.518 ;  6500 3000 3000 2 464.887 ;  7000 3000 3000 2 474.468 ;  7500 3000 3000 2 518.325 ;  8000 3000 3000 2 542.237 ;  8500 3000 3000 2 563.971 ;  9000 3000 3000 2 607.456 ;  9500 3000 3000 2 640.301 ;  10000 3000 3000 2 658.275 ;  10500 3000 3000 2 684.947 ;  11000 3000 3000 2 715.032 ;  11500 3000 3000 2 751.447 ;  12000 3000 3000 2 780.036 ;  12500 3000 3000 2 810.005 ;  13000 3000 3000 2 924.646 ;  13500 3000 3000 2 869.093 ;  14000 3000 3000 2 874.797 ;  14500 3000 3000 2 925.124 ;  15000 3000 3000 2 939.51 ;  15500 3000 3000 2 981.46 ;  16000 3000 3000 2 1024 ;  16500 3000 3000 2 1051.62 ;  17000 3000 3000 2 1077.59 ;  17500 3000 3000 2 1125.24 ;  18000 3000 3000 2 1125.64 ;  18500 3000 3000 2 1239.26 ;  19000 3000 3000 2 1202.27 ;  19500 3000 3000 2 1267.15 ;  20000 3000 3000 2 1245.19 ; ];


Application 9906611 resources: utime ~13924s, stime ~801s, Rss ~10416584, inblocks ~5810, outblocks ~24146
SMIRNOV433_29_204_1 = [ 3000 3000 3000 1 251.427 ;  3500 3000 3000 1 292.906 ;  4000 3000 3000 1 306.71 ;  4500 3000 3000 1 342.726 ;  5000 3000 3000 1 380.909 ;  5500 3000 3000 1 418.062 ;  6000 3000 3000 1 454.415 ;  6500 3000 3000 1 492.212 ;  7000 3000 3000 1 528.939 ;  7500 3000 3000 1 567.151 ;  8000 3000 3000 1 601.49 ;  8500 3000 3000 1 643.7 ;  9000 3000 3000 1 683.864 ;  9500 3000 3000 1 715.784 ;  10000 3000 3000 1 741.589 ;  10500 3000 3000 1 782.435 ;  11000 3000 3000 1 813.405 ;  11500 3000 3000 1 850.514 ;  12000 3000 3000 1 898.538 ;  12500 3000 3000 1 923.541 ;  13000 3000 3000 1 972.62 ;  13500 3000 3000 1 995.686 ;  14000 3000 3000 1 1029.95 ;  14500 3000 3000 1 1070.32 ;  15000 3000 3000 1 1106.73 ;  15500 3000 3000 1 1150.23 ;  16000 3000 3000 1 1187.81 ;  16500 3000 3000 1 1229.54 ;  17000 3000 3000 1 1262 ;  17500 3000 3000 1 1304.47 ;  18000 3000 3000 1 1333.3 ;  18500 3000 3000 1 1375.95 ;  19000 3000 3000 1 1405.36 ;  19500 3000 3000 1 1448.94 ;  20000 3000 3000 1 1476.94 ; ];
SMIRNOV433_29_204_2 = [ 3000 3000 3000 2 228.929 ;  3500 3000 3000 2 263.277 ;  4000 3000 3000 2 261.947 ;  4500 3000 3000 2 301.39 ;  5000 3000 3000 2 343.264 ;  5500 3000 3000 2 401.326 ;  6000 3000 3000 2 382.252 ;  6500 3000 3000 2 402.548 ;  7000 3000 3000 2 456.615 ;  7500 3000 3000 2 498.538 ;  8000 3000 3000 2 491.99 ;  8500 3000 3000 2 533.287 ;  9000 3000 3000 2 600.318 ;  9500 3000 3000 2 599.843 ;  10000 3000 3000 2 621.264 ;  10500 3000 3000 2 614.624 ;  11000 3000 3000 2 679.44 ;  11500 3000 3000 2 710.565 ;  12000 3000 3000 2 732.37 ;  12500 3000 3000 2 749.519 ;  13000 3000 3000 2 854.067 ;  13500 3000 3000 2 887.385 ;  14000 3000 3000 2 865.592 ;  14500 3000 3000 2 879.608 ;  15000 3000 3000 2 906.699 ;  15500 3000 3000 2 992.55 ;  16000 3000 3000 2 906.478 ;  16500 3000 3000 2 921.779 ;  17000 3000 3000 2 969.584 ;  17500 3000 3000 2 1032.17 ;  18000 3000 3000 2 1015.45 ;  18500 3000 3000 2 1017.29 ;  19000 3000 3000 2 1082.31 ;  19500 3000 3000 2 1092.29 ;  20000 3000 3000 2 1137.06 ; ];


Application 9906680 resources: utime ~12999s, stime ~578s, Rss ~10700336, inblocks ~5811, outblocks ~24146
SMIRNOV525_40_298_1 = [ 3000 2800 3000 1 268.99 ;  3500 2800 3500 1 328.162 ;  4000 2800 4000 1 405.097 ;  4500 2800 4500 1 503.826 ;  5000 2800 5000 1 627.437 ;  5500 2800 5500 1 761.195 ;  6000 2800 6000 1 861.276 ;  6500 2800 6500 1 1005.74 ;  7000 2800 7000 1 1148.05 ;  7500 2800 7500 1 1315.02 ;  8000 2800 8000 1 1471.05 ;  8500 2800 8500 1 1637.59 ;  9000 2800 9000 1 1821.65 ;  9500 2800 9500 1 2032.93 ;  10000 2800 10000 1 2213.26 ;  10500 2800 10500 1 2439.68 ;  11000 2800 11000 1 2654.7 ;  11500 2800 11500 1 2894.41 ;  12000 2800 12000 1 3157.54 ;  12500 2800 12500 1 3417.3 ;  13000 2800 13000 1 3687.76 ;  13500 2800 13500 1 3988.93 ;  14000 2800 14000 1 4245.1 ;  14500 2800 14500 1 4545.98 ;  15000 2800 15000 1 4848.73 ;  15500 2800 15500 1 5222.95 ;  16000 2800 16000 1 5522.67 ;  16500 2800 16500 1 5854.68 ;  17000 2800 17000 1 6235 ;  17500 2800 17500 1 6582.43 ;  18000 2800 18000 1 6980.65 ; ];
SMIRNOV525_40_298_2 = [ 3000 2800 3000 2 275.311 ;  3500 2800 3500 2 348.219 ;  4000 2800 4000 2 398.001 ;  4500 2800 4500 2 492.753 ;  5000 2800 5000 2 561.119 ;  5500 2800 5500 2 650.812 ;  6000 2800 6000 2 755.08 ;  6500 2800 6500 2 890.593 ;  7000 2800 7000 2 969.111 ;  7500 2800 7500 2 1106.95 ;  8000 2800 8000 2 1230.26 ;  8500 2800 8500 2 1392.06 ;  9000 2800 9000 2 1456.13 ;  9500 2800 9500 2 1563.14 ;  10000 2800 10000 2 1722.48 ;  10500 2800 10500 2 1864.51 ;  11000 2800 11000 2 1961.7 ;  11500 2800 11500 2 2254.34 ;  12000 2800 12000 2 2293.98 ;  12500 2800 12500 2 2536.92 ;  13000 2800 13000 2 2644.96 ;  13500 2800 13500 2 2938.68 ;  14000 2800 14000 2 2940.88 ;  14500 2800 14500 2 3227.4 ;  15000 2800 15000 2 3400.02 ;  15500 2800 15500 2 3786.07 ;  16000 2800 16000 2 3824 ;  16500 2800 16500 2 4012.75 ;  17000 2800 17000 2 4223.07 ;  17500 2800 17500 2 4444.25 ;  18000 2800 18000 2 4572.62 ; ];


Application 9906791 resources: utime ~29304s, stime ~1898s, Rss ~28607836, inblocks ~5810, outblocks ~24145
BFS 24
SMIRNOV333_20_182_APPROX_1 = [ 9000 9000 9000 1 6037.02 ;  9500 9500 9500 1 3657.8 ;  10000 10000 10000 1 4304.84 ;  10500 10500 10500 1 4764.14 ;  11000 11000 11000 1 5521.21 ;  11500 11500 11500 1 6313.18 ;  12000 12000 12000 1 7007.02 ;  12500 12500 12500 1 8007.88 ;  13000 13000 13000 1 8933.71 ; ];
SMIRNOV333_20_182_APPROX_2 = [ 9000 9000 9000 2 3064.22 ;  9500 9500 9500 2 3712.49 ;  10000 10000 10000 2 4313.97 ;  10500 10500 10500 2 4794.35 ;  11000 11000 11000 2 5212.17 ;  11500 11500 11500 2 6233.87 ;  12000 12000 12000 2 6652.47 ;  12500 12500 12500 2 7704.81 ;  13000 13000 13000 2 8055.8 ; ];


Application 9906992 resources: utime ~15937s, stime ~1382s, Rss ~29999248, inblocks ~5643, outblocks ~23566
SMIRNOV433_29_204_1 = [ 9000 9000 9000 1 4638.69 ;  9500 9500 9500 1 5494.74 ;  10000 10000 10000 1 6384.87 ;  10500 10500 10500 1 7269.76 ;  11000 11000 11000 1 8400.51 ;  11500 11500 11500 1 9593.43 ;  12000 12000 12000 1 10752.6 ;  12500 12500 12500 1 12226.1 ;  13000 13000 13000 1 13653.3 ; ];
SMIRNOV433_29_204_2 = [ 9000 9000 9000 2 3721.27 ;  9500 9500 9500 2 4135.08 ;  10000 10000 10000 2 4574.96 ;  10500 10500 10500 2 4984.54 ;  11000 11000 11000 2 5951.21 ;  11500 11500 11500 2 6577.45 ;  12000 12000 12000 2 7182.88 ;  12500 12500 12500 2 7760.25 ;  13000 13000 13000 2 9367.24 ; ];


Application 9907177 resources: utime ~18709s, stime ~1157s, Rss ~34770476, inblocks ~5643, outblocks ~23566
SMIRNOV533_36_280_1 = [ 3000 3000 3000 1 170.348 ;  3500 3000 3000 1 194.154 ;  4000 3000 3000 1 223.845 ;  4500 3000 3000 1 249.757 ;  5000 3000 3000 1 274.864 ;  5500 3000 3000 1 301.337 ;  6000 3000 3000 1 326.573 ;  6500 3000 3000 1 353.24 ;  7000 3000 3000 1 381.111 ;  7500 3000 3000 1 402.862 ;  8000 3000 3000 1 427.822 ;  8500 3000 3000 1 454.608 ;  9000 3000 3000 1 480.86 ;  9500 3000 3000 1 505.783 ;  10000 3000 3000 1 532.618 ;  10500 3000 3000 1 554.988 ;  11000 3000 3000 1 582.741 ;  11500 3000 3000 1 605.799 ;  12000 3000 3000 1 627.828 ;  12500 3000 3000 1 660.25 ;  13000 3000 3000 1 678.461 ;  13500 3000 3000 1 707.693 ;  14000 3000 3000 1 727.665 ;  14500 3000 3000 1 757.065 ;  15000 3000 3000 1 785.186 ;  15500 3000 3000 1 815.349 ;  16000 3000 3000 1 838.032 ;  16500 3000 3000 1 853.737 ;  17000 3000 3000 1 886.522 ;  17500 3000 3000 1 908.38 ;  18000 3000 3000 1 940.796 ;  18500 3000 3000 1 959.938 ;  19000 3000 3000 1 980.633 ;  19500 3000 3000 1 1016.3 ;  20000 3000 3000 1 1039.69 ; ];
SMIRNOV533_36_280_2 = [ 3000 3000 3000 2 288.085 ;  3500 3000 3000 2 295.95 ;  4000 3000 3000 2 318.477 ;  4500 3000 3000 2 365.447 ;  5000 3000 3000 2 396.314 ;  5500 3000 3000 2 425.317 ;  6000 3000 3000 2 461.427 ;  6500 3000 3000 2 494.828 ;  7000 3000 3000 2 516.686 ;  7500 3000 3000 2 550.757 ;  8000 3000 3000 2 596.895 ;  8500 3000 3000 2 617.613 ;  9000 3000 3000 2 626.384 ;  9500 3000 3000 2 678.203 ;  10000 3000 3000 2 681.503 ;  10500 3000 3000 2 741.833 ;  11000 3000 3000 2 767.681 ;  11500 3000 3000 2 777.366 ;  12000 3000 3000 2 816.453 ;  12500 3000 3000 2 841.242 ;  13000 3000 3000 2 864.853 ;  13500 3000 3000 2 919.506 ;  14000 3000 3000 2 931.744 ;  14500 3000 3000 2 1023.28 ;  15000 3000 3000 2 984.527 ;  15500 3000 3000 2 1054.09 ;  16000 3000 3000 2 1087.53 ;  16500 3000 3000 2 1092.26 ;  17000 3000 3000 2 1139.34 ;  17500 3000 3000 2 1167.53 ;  18000 3000 3000 2 1189 ;  18500 3000 3000 2 1255.4 ;  19000 3000 3000 2 1303.45 ;  19500 3000 3000 2 1330.7 ;  20000 3000 3000 2 1379.69 ; ];


Application 9907339 resources: utime ~11707s, stime ~1080s, Rss ~10828420, inblocks ~5643, outblocks ~23569
SMIRNOV433_29_204_1 = [ 3000 3000 3000 1 198.066 ;  3500 3000 3000 1 232.107 ;  4000 3000 3000 1 262.677 ;  4500 3000 3000 1 293.895 ;  5000 3000 3000 1 322.23 ;  5500 3000 3000 1 354.887 ;  6000 3000 3000 1 385.593 ;  6500 3000 3000 1 420.027 ;  7000 3000 3000 1 446.17 ;  7500 3000 3000 1 476.2 ;  8000 3000 3000 1 507.229 ;  8500 3000 3000 1 536.985 ;  9000 3000 3000 1 573.1 ;  9500 3000 3000 1 605.731 ;  10000 3000 3000 1 631.694 ;  10500 3000 3000 1 659.956 ;  11000 3000 3000 1 690.834 ;  11500 3000 3000 1 717.673 ;  12000 3000 3000 1 757.884 ;  12500 3000 3000 1 787.506 ;  13000 3000 3000 1 818.385 ;  13500 3000 3000 1 840.135 ;  14000 3000 3000 1 874.235 ;  14500 3000 3000 1 910.987 ;  15000 3000 3000 1 942.176 ;  15500 3000 3000 1 969.036 ;  16000 3000 3000 1 1005.55 ;  16500 3000 3000 1 1020 ;  17000 3000 3000 1 1054.43 ;  17500 3000 3000 1 1082.15 ;  18000 3000 3000 1 1103.28 ;  18500 3000 3000 1 1127.45 ;  19000 3000 3000 1 1173.52 ;  19500 3000 3000 1 1206.69 ;  20000 3000 3000 1 1225.79 ; ];
SMIRNOV433_29_204_2 = [ 3000 3000 3000 2 239.866 ;  3500 3000 3000 2 269.102 ;  4000 3000 3000 2 269.777 ;  4500 3000 3000 2 301.66 ;  5000 3000 3000 2 333.395 ;  5500 3000 3000 2 396.05 ;  6000 3000 3000 2 380.837 ;  6500 3000 3000 2 407.087 ;  7000 3000 3000 2 439.271 ;  7500 3000 3000 2 493.403 ;  8000 3000 3000 2 502.594 ;  8500 3000 3000 2 527.222 ;  9000 3000 3000 2 605.141 ;  9500 3000 3000 2 638.058 ;  10000 3000 3000 2 625.06 ;  10500 3000 3000 2 642.429 ;  11000 3000 3000 2 681.682 ;  11500 3000 3000 2 727.982 ;  12000 3000 3000 2 734.159 ;  12500 3000 3000 2 780.918 ;  13000 3000 3000 2 807.807 ;  13500 3000 3000 2 814.748 ;  14000 3000 3000 2 815.322 ;  14500 3000 3000 2 878.497 ;  15000 3000 3000 2 940.889 ;  15500 3000 3000 2 951.998 ;  16000 3000 3000 2 979.724 ;  16500 3000 3000 2 989.095 ;  17000 3000 3000 2 995.622 ;  17500 3000 3000 2 1092.01 ;  18000 3000 3000 2 1112.68 ;  18500 3000 3000 2 1102.65 ;  19000 3000 3000 2 1170.27 ;  19500 3000 3000 2 1179.88 ;  20000 3000 3000 2 1185.43 ; ];


Application 9907410 resources: utime ~11682s, stime ~785s, Rss ~8821492, inblocks ~5644, outblocks ~23569
SMIRNOV525_40_298_1 = [ 3000 2800 3000 1 148.841 ;  3500 2800 3500 1 194.287 ;  4000 2800 4000 1 247.752 ;  4500 2800 4500 1 306.736 ;  5000 2800 5000 1 373.923 ;  5500 2800 5500 1 447.724 ;  6000 2800 6000 1 523.186 ;  6500 2800 6500 1 610.371 ;  7000 2800 7000 1 699.95 ;  7500 2800 7500 1 790.58 ;  8000 2800 8000 1 898.585 ;  8500 2800 8500 1 1006.22 ;  9000 2800 9000 1 1118.62 ;  9500 2800 9500 1 1245.68 ;  10000 2800 10000 1 1376.32 ;  10500 2800 10500 1 1521.64 ;  11000 2800 11000 1 1654.31 ;  11500 2800 11500 1 1815.1 ;  12000 2800 12000 1 1959.22 ;  12500 2800 12500 1 2136.36 ;  13000 2800 13000 1 2307.58 ;  13500 2800 13500 1 2465.88 ;  14000 2800 14000 1 2669.71 ;  14500 2800 14500 1 2881.13 ;  15000 2800 15000 1 3077.02 ;  15500 2800 15500 1 3302.55 ;  16000 2800 16000 1 3495.83 ;  16500 2800 16500 1 3721.97 ;  17000 2800 17000 1 3951.15 ;  17500 2800 17500 1 4168.14 ;  18000 2800 18000 1 4421.03 ; ];
SMIRNOV525_40_298_2 = [ 3000 2800 3000 2 285.92 ;  3500 2800 3500 2 349.118 ;  4000 2800 4000 2 417.491 ;  4500 2800 4500 2 488.417 ;  5000 2800 5000 2 550.687 ;  5500 2800 5500 2 641.52 ;  6000 2800 6000 2 745.508 ;  6500 2800 6500 2 841.331 ;  7000 2800 7000 2 966.929 ;  7500 2800 7500 2 1091.28 ;  8000 2800 8000 2 1229.71 ;  8500 2800 8500 2 1360.76 ;  9000 2800 9000 2 1480.98 ;  9500 2800 9500 2 1603.76 ;  10000 2800 10000 2 1721.54 ;  10500 2800 10500 2 1893.59 ;  11000 2800 11000 2 2072.84 ;  11500 2800 11500 2 2324.01 ;  12000 2800 12000 2 2419.49 ;  12500 2800 12500 2 2659.41 ;  13000 2800 13000 2 2645.81 ;  13500 2800 13500 2 2935.43 ;  14000 2800 14000 2 3182.4 ;  14500 2800 14500 2 3361.32 ;  15000 2800 15000 2 3432.2 ;  15500 2800 15500 2 3712.24 ;  16000 2800 16000 2 3873.16 ;  16500 2800 16500 2 4101.68 ;  17000 2800 17000 2 4297.46 ;  17500 2800 17500 2 4476.23 ;  18000 2800 18000 2 4715.57 ; ];


Application 9907497 resources: utime ~21503s, stime ~2533s, Rss ~28397480, inblocks ~5643, outblocks ~23568

 + --------------------------------------------------------------------------
 +        Job name: PAR_SQUARE_BENCH
 +          Job Id: 2357858.edique02
 +          System: edison
 +     Queued Time: Fri Feb  6 23:12:12 2015
 +      Start Time: Sat Feb  7 06:02:32 2015
 + Completion Time: Sat Feb  7 10:24:41 2015
 +            User: arbenson
 +        MOM Host: nid02050
 +           Queue: reg_small
 +  Req. Resources: mppnodect=1,mppnppn=24,mppwidth=24,walltime=08:00:00
 +  Used Resources: cput=00:00:06,energy_used=0,mem=10564kb,vmem=157396kb,walltime=04:22:10
 +     Acct String: mp156
 +   PBS_O_WORKDIR: /global/u1/a/arbenson/fast-matmul
 +     Submit Args: submit_par24.sh
 + --------------------------------------------------------------------------

