# 4x3x3 rank 29 algorith with 234 nonzeros
1     0     0     0     0     0     0    -1     0     0     0    -1    -1     0     0     0     0     0     0     1     0     0     0     0     0     1     0     0     0
0     1     0     0     0     0     0     0     0    -1     0     0     0     0     1     1     0     0     0     0     0     0     0     0     0     0     1     0     0
0     0     0     0     0     0     0     1     0     0     0     0     1     0     0     0     0     0     0    -1     0     0     0    -1     0     0     1     0     0
0     0     0     1     0    -1     0     1     0     0     0     0     1     0     0     0     0     1     0    -1     0     0     0     0    -1     0     1     0     0
0     0     0     0    -1     0     0     1     0     0     0     0     0     0     0     0     0     0    -1     0     1     0     0     0     0    -1     0     0     0
0     0     0     0     0     0     0     0     1     1     0     0    -1     0     0    -1     0     0    -1     0     0     0     0     0     0     0    -1     0     0
0     0     0     0     0     0     0    -1     1     0     0     0    -1     0     0    -1     0     0     0     0     0     0     0     0     0     0    -1     1     0
0     0     0     0     0     0     0    -1     0     1    -1     0     0     0     0     0     0     0     0     0     0     1     1     0     0     0     0     0    -1
0     0     0     0     0     0    -1     1     0     0     1     0     0    -1     0     0     0     0     0     0     0     0     0     0     0    -1     0     0     0
0     0     1     0     0    -1     0     0     0     0     0     1     0     0     0     0     1    -1     0     0    -1     1     0     1     0     0     0    -1     1
0     0     1     0     0    -1     1    -1     0     0    -1     1     0     1     0     0     0     0     0     0     0     1     0     1     0     0     0     0     0
0     0     0     0     0     0     1    -1     0     0    -1     0     0     0     0     0     0    -1     0     0     0     1     0     0     0     0     0     0     0
# 
1     0     0    -1     0     0     0     0     0     0     0     0     0     0     1     0     0     0     0    -1     0     0     0     0     0     0     0     0     0
0     0     0     0     1     0     1    -1     0     0     1     0    -1     0     0     0     0     0    -1    -1     0     0     0     0     0     0     0     0     0
1     0     0     0    -1     0    -1     0     0     0     0     1     0     1     0     0     0     0     0     0    -1     0     0     0     0    -1     0     0     0
0    -1     0     0     0     0     0     0     1     0     0     0     1     0     0    -1     0     0     0     1     0     0     0     0    -1     0    -1     0     0
0    -1     0     0     0     0    -1     1     1    -1    -1     0     1     0     0    -1     0     0     0     1     0     0     1     0     0     0     0     0     0
0     0     0     0     0    -1     1     0     0     0     1     0     0     0     0     0     0     1     0     0     0     1    -1     0    -1     0     0     0    -1
0     1    -1     1     0     1     0     0     0     0     0     1     0     0    -1     0     0     0     0     1     0     0     0     1     1     0     0     0     0
0     1     0     0     0     0    -1     1     0     1    -1     0     1     0     0     1     1     0     1     1     1     0     0     0     0     0     0     1     1
0     0    -1     0     0     1     1     0     0     0     0     0     0    -1     0     0    -1    -1     0     0     0     0     0     0     1     0     0     0     0
#		     
1     0     0     0    -1     0     0     0     0     0     0     0     0     0     0     0     0     0     0     0     0     0     0     0     0     1     0     0     0
0     1     0     0     1     0     0     0     1     0     0     0     0     0     1    -1     0     0     1     0     1     0     0     0     0     0     0    -1     0
1     0     0     1    -1     0     0     0     1     0     0     1     1     0     0     0     0     0    -1     1    -1     0     0    -1     0     0     0     1     0
0     0     1    -1     0    -1    -1     0     0     0    -1     0     0    -1     0     0     1     1     0     0     0     1     1     0     0     0     0     0    -1
0     0     0     0     0     0     0     1    -1     1     1     0    -1     0     0     1     0     0     1     0     0     1     1     0     0     0    -1     1     1
0     0     0     0     0     0     0     0     1    -1     0     0     0     0     0    -1     0     0     0     0     0     0    -1     0     0     0     0    -1    -1
0     0    -1     0     0     1     0     0     0     1     0     0     0     0     0     1     0     0     0     0     0     0     1     0    -1     0    -1     1     1
0     0     1     0     0    -1     0     0     0     0     0     0     0     0     0     0     0     0     0     0     0     1     1     0     1     0     0     0     0
0     0    -1     0     0     0     0     0     0     0     0    -1     0     1     0     0     1     0     0     0     1     0     0     0     0     1     0     0     0
0     1     0     0     0     0     0     0     1     0     0     0     0     0     0    -1    -1     0     0     0     0     0     0     0     0     0     0    -1     0
0     0    -1     0     0     0     0     0     0     0     0     0     0     0     0     0     1     0     0     0     0     0     0    -1     0     0     0     1     0
0     0     1     0     0    -1     0     0     0     0     0     0     0     0     0     0     1     1     0     0     0     1     0     0     0     0     0     0    -1
