# 4x3x2 rank 20 algorithm with 144 nonzeros
1     0     1    -1     0     0     1     0     0    -1     0     0     0     0    -1     0     0    -1     1     0
0     1     0     0     0     0    -1     0     1     0     0    -1     0     0     0     0     0     0     0     0
0     0     0     0     0     0     0     0    -1     0     0     0     0    -1     0     0     0     0     0     0
0     0     0     0     0    -1     0     0     1    -1     0     0     1     0     0     0     0     0     0     0
0     0     1    -1     0     0     0     0     0    -1     0     0     0     0     0     0     0     0     1     0
0     1     0     0     0     0     0     0     1     0     0    -1     0     0    -1     0     0    -1     0     1
0     0     0     0     0     1     0     0     0     0    -1     0     0     1     0     1     0     0     0     0
0     0     0     0     0     0     0     0     0     1     1     0     0     0     0     0     0     0     0     0
0     0     1     0     0     0     0     0     0     0     0     0     0     0     1     0     0     0     0     0
0     0     0     0     0     0     0     0     0     0     0     0     0     0    -1     0    -1    -1     0     1
0     0     0     0     0     1     0     1     1     0    -1    -1     0     1     0     1     1     0     0     0
0     0     0    -1    -1     0     0     0     0     0     1     0     0     0    -1     0     0     0     0     0
#
-1    0     0     0     0     1     0     0    -1     0     0    -1     0    -1     0    -1    -1     1     0    -1
1     0     0    -1    -1     0     0    -1     0     0    -1     0     0     0     0    -1     1    -1    -1     1
0     0    -1     1     1     0     0     1     0     0     0     0     0     0     0     0    -1     0     1     0
0     0     0     0     0     0     1     0     1     0     0     1     1     0     0     0     1    -1     0     1
0    -1     0     1     1     1    -1     0     0     1     1    -1     1     0     0     0    -1     1     0    -1
0     1     0     0    -1     0     1     0     0     0     0     1     0     0     1     0     1    -1     0     0
#		    
-1    0    -1     0     0     0     0     0     0     0     0     0     0     0     0     0     0     0    -1     0
-1    0     0     0     0     0    -1     1     0     0     0     1     0     0     0     0     1     1     0     0
0     0     0     0     0     0     0     1     0     0     0     0     0     1     0    -1     0     0     0     0
0     0     0    -1     0    -1     0     0     0     1    -1     0     0     0     0    -1     0     0    -1     0
-1    0     0    -1     1     0     0     0     0     0     0     0     0     0     1     0     0     1    -1    -1
-1   -1     0     0     0     0    -1     0     0     0     0     0     0     0     0     0     0     1     0    -1
0    -1     0     0     0     1     0     0    -1     0     0    -1     1     1     0     0     0     0     0     0
0     0     0    -1     1     0     0     0     0     1     0     0     1     0     0     0     0     0    -1     0
