# 3x2x2 rank 11 algorithm with 50 nonzeros  
-1    1     0    -1     1     0     0     0     0     0     0
0     0     0     0     0     0     0     1     0     0    -1
0     1     0     0     0     0     0     0     0    -1     0
0     0     0     1     0     0     1     0     0     0     0
0     0     1     0     0    -1     0     0     0     0     0
0     0     0     0     1     0     1     0     1     1     0
# 
0     1     0     0    -1     0     0     0     1     1    -1
0     0     1     0     0    -1     1     0     1     0     0
1     1     0     0     0     0     0     1     0     0     0
1     0     1     1     1     0     1     0     0     0     0
#		     
0     0     0    -1    -1     0     1     0    -1     0     0
0     0     0     0     0     1     0     0     0     0     1
0     0     0     0     0     0     0     0     1    -1     0
-1    0     0     1     0     0     0     0     0     0     0
0     0     1     0     0    -1     0     1     0     0     0
1     1     0     0     1     0     0     0     0     1     0
