# (0, 0, 0) permutation of grey332-15-103
0 0 -1 0 -1 1 0 0 0 0 0 0 1 0 0
0 0 1 0 1 -1 0 0 0 1 0 0 0 0 0
-1 -1 0 1 0 0 -1 1 0 0 1 1 0 0 -1
0 0 0 0 0 1 0 1 0 0 0 0 0 0 0
0 0 0 0 1 -1 0 0 0 1 0 0 0 0 -1
0 0 0 1 0 0 -1 1 0 0 0 1 0 0 0
0 0 0 -1 0 1 0 0 0 0 1 0 0 -1 0
0 -1 1 0 0 0 0 0 1 0 0 -1 0 0 0
0 0 0 0 0 0 0 0 0 0 1 1 0 0 0
#
0 0 0 0 1 1 0 0 0 -1 0 0 1 1 0
0 0 0 -1 0 0 1 1 0 0 0 0 1 1 0
0 0 -1 0 1 0 0 0 1 -1 0 0 1 0 0
1 -1 -1 0 1 0 0 0 0 0 0 0 1 0 1
0 1 0 1 0 0 0 0 1 0 1 1 0 -1 0
1 0 0 1 0 0 -1 0 0 0 1 0 0 -1 0
#
0 -1 -1 0 -1 0 0 0 -1 -1 0 0 0 0 -1
-1 0 0 0 1 0 0 0 0 1 0 0 1 0 1
0 1 1 1 1 1 -1 0 1 0 0 0 0 1 1
1 0 0 0 0 0 1 1 0 0 0 0 0 0 -1
0 0 0 -1 0 0 1 0 1 0 0 1 0 -1 0
1 1 0 1 0 0 -1 0 0 0 1 -1 0 0 0
