# 3x3x3 rank 23 algorithm with 152 nonzeros
0     0     0     0    -1     0     0     0    -1     0     0     0     0     0     0     1     0     0     1     0    -1     0     0
0     0     1     1     0     1     0     0     0    -1     0    -1    -1     1     0     0     0     1     0     1     0     0     0
0     0     0     1    -1     0     1     0     0     0     0     0     0     0     0     0     0     0     1     0    -1     0     0
-1    0     0     0     0     0     0     0     1     0     0     1     0     0     0    -1     0     0    -1     0     1     0     0
0     0     0    -1     0    -1     0     0     0     1     0     0     0    -1     0     0     0     0     0    -1     0     1     0
0     0     0    -1     0     0     0     0     0     0     0     0     0    -1     0     0     1     0     0     0     1     1     0
0    -1     1     0    -1     0     0     1     0    -1     0     0     0     0     0     0     0     0     0     0     0     0     0
0     0     0     0     0     0     0     0     0     1     0     0    -1     0    -1     0     0     0     0     0     0     0     0
0     0     0     0     0     1     0     0     0     0    -1     0    -1     0    -1     0     0     0     0     0     1     0     1
#
-1    0     0     1     0     0    -1     0     1     0     0     0     0     1     0     1     0     0     1     0     0     1     0
-1    0     0     0     0     0     0     0     0     0     0     0     0     0     0     0     1     0     0     0     0     1     0
0    -1     0     0     0     0     0     0     0     0     0     0     0     0    -1     0     0     0     0     0     0     0     1
0     0     0     0     0     0    -1     0     1     0     0     1     0     0     0     0     0     1     1     0     0     0     0
0     0     0     0     0     0     0     0     0     0     0     1     0    -1     0     0     1     1     0    -1     0     0     0
0     0     1     0     0     1     0     0     0     1     0     0    -1     0     0     0     0    -1     0     1     0     0     1
0     0     1     0     1     0     1    -1     0     0     0     0     0     0     0     0     0    -1     0     0     0     0     0
0     0     1     0     1    -1     0    -1     0     0    -1     0     0     1     0     0    -1    -1     1     0     1     0    -1
0     0    -1     0     0     0     0     1     0     0     1     0     1     0     0     0     0     1     0     0     0     0     0
#		     
1     1     0     0     0     0     0     0     0     0     0     0     0     0     0     1     0     0     0     0     0     0     0
0     0     0     0     0     1     0     0     0     0     0     0     0     1     1     0    -1     0     0    -1     0     1    -1
0     0     0     1     0    -1     0     0     0     0     0     0     0    -1     0     0     1     0     0     1     0     0     1
0     0     1     0     0     0     0     1    -1     0     0     1     0     0     0    -1     0     1     0     0     0     0     0
0     0     1     0     0     0     0     1     0     1     0     0     0     0     0     0     0     1     0     1     0     0     0
0     0     0    -1     0     1     0     0     1     0     0     0     0     1     0     0     0     0     1    -1     1     0     0
0     0     0     0    -1     0    -1     1    -1     0     0     0     0     0     0     0     0     0    -1     0     0     0     0
0     0     1     0     0     1     0     1     0     1     1     0    -1     0     0     0     0     0     0     0     0     0     0
0     0     0     0     0     0     1     0     1     0    -1     0     0     0     0     0     0     0     1     0     1     0     0
