# (0, 2, 1) permutation of hk332-2
1 1 0 1 1 -1 0 1 0 0 0 0 0 0 0
1 0 0 0 0 -1 0 1 0 1 0 0 0 0 -1
0 0 1 1 0 0 0 0 0 0 -1 0 -1 -1 0
0 0 1 0 -1 0 0 0 1 1 -1 0 0 -1 0
0 0 0 0 0 1 1 0 0 0 1 0 1 1 0
0 0 0 0 0 1 0 -1 0 0 1 1 0 0 1
#
0 1 0 1 0 -1 0 -1 0 0 0 0 0 0 -1
0 0 1 1 1 0 0 0 1 0 0 0 -1 1 0
0 0 0 0 0 1 1 1 0 0 0 0 1 0 1
1 -1 0 0 1 0 0 1 0 1 0 0 0 0 1
0 0 0 0 0 0 0 0 -1 1 -1 0 1 -1 0
0 0 0 0 0 0 0 0 0 0 1 1 -1 1 -1
#
1 1 0 0 0 0 0 0 0 0 0 0 0 0 0
-1 0 0 0 1 0 0 0 1 1 0 0 0 0 0
0 1 0 0 0 0 0 1 0 0 0 1 0 0 1
0 -1 -1 1 -1 0 0 0 0 0 0 0 0 0 0
0 0 1 0 0 0 0 0 -1 0 0 0 0 0 0
0 0 0 0 0 0 1 0 -1 0 0 0 -1 -1 0
1 0 0 0 0 -1 1 -1 0 0 0 0 0 0 0
0 0 1 0 0 0 0 0 0 0 -1 1 0 1 0
0 0 0 0 0 0 1 0 0 0 0 1 0 0 0
