# Smirnov's rank 40 algorithm for 3x3x6
1 1 -1 -1 1 -1 -1 1 -1 -1 1 1 -1 -1 -1 1 0 1 0 0 -1 -1 0 0 -1 0 1 -1 1 0 0 1 1 1 0 1 0 0 0 -1
0 0 0 0 0 0 0 0 0 0 0 0 0 0 0 0 0 1 0 1 0 0 0 0 1 -1 0 0 0 0 0 0 -1 0 1 1 0 0 -1 0
1 -1 -1 1 1 1 -1 1 1 -1 1 1 1 1 1 -1 0 0 0 1 1 -1 0 0 0 1 1 -1 -1 0 0 -1 0 -1 -1 0 0 0 -1 -1
0 0 0 0 0 0 0 0 0 0 0 0 0 0 0 0 -1 0 -1 0 1 -1 0 0 0 0 0 0 0 0 0 0 0 1 0 0 -1 -1 0 1
1 1 1 -1 1 1 1 1 1 1 -1 1 -1 1 1 1 -1 0 1 1 0 0 -1 -1 0 1 0 0 0 1 -1 0 0 0 1 0 1 -1 1 0
1 -1 -1 -1 -1 -1 1 -1 -1 1 1 1 1 1 1 1 0 0 0 1 -1 -1 1 -1 0 -1 0 0 0 -1 -1 0 0 -1 -1 0 0 0 1 1
-1 -1 1 1 -1 -1 -1 1 1 1 1 1 -1 -1 1 1 -1 -1 -1 0 0 0 0 0 1 0 -1 -1 1 0 0 -1 1 0 0 1 1 1 0 0
1 1 1 1 -1 1 1 1 -1 -1 1 -1 1 -1 1 1 -1 -1 1 0 0 0 -1 -1 -1 0 0 0 0 -1 1 0 -1 0 0 1 -1 1 0 0
0 0 0 0 0 0 0 0 0 0 0 0 0 0 0 0 0 0 0 0 0 0 1 -1 0 0 -1 -1 -1 1 1 1 0 0 0 0 0 0 0 0
#
0 0 -1 0 0 -1 -1 0 -1 -1 -1 0 0 1 1 0 -1 -1 -1 1 1 1 0 0 1 -1 0 0 0 0 0 0 -1 1 -1 -1 -1 1 1 -1
-.125 0 0 -.125 0 -.125 0 .125 0 .125 .125 0 -.125 0 .125 0 -.125 0 -.125 0 .125 -.125 0 0 0 0 0 0 0 0 0 0 0 .125 0 0 .125 -.125 0 .125
0 -.125 .125 0 -.125 0 .125 0 -.125 0 0 -.125 0 .125 0 .125 .125 0 .125 0 .125 -.125 0 0 0 0 0 0 0 0 0 0 0 .125 0 0 -.125 .125 0 .125
0 -.125 0 0 .125 .125 0 0 0 -.125 .125 -.125 0 0 .125 -.125 -.125 0 .125 0 -.125 -.125 .125 .125 0 0 .125 .125 .125 .125 .125 .125 0 .125 0 0 -.125 -.125 0 -.125
1 -1 0 -1 1 0 0 -1 0 0 0 1 -1 0 0 1 1 -1 1 1 1 1 0 0 1 -1 0 0 0 0 0 0 -1 1 -1 -1 1 -1 1 -1
.125 0 -.125 -.125 0 0 .125 .125 -.125 0 0 0 .125 -.125 0 0 -.125 0 .125 0 .125 .125 .125 .125 0 0 .125 .125 .125 .125 .125 .125 0 -.125 0 0 -.125 -.125 0 .125
0 0 -1 0 0 1 1 0 1 1 -1 0 0 1 1 0 -1 -1 1 1 -1 1 0 0 -1 1 0 0 0 0 0 0 1 1 -1 -1 1 1 -1 1
0 .125 .125 0 -.125 0 -.125 0 .125 0 0 .125 0 .125 0 .125 0 .125 0 .125 0 0 -.125 -.125 -.125 .125 -.125 -.125 -.125 -.125 -.125 -.125 -.125 0 .125 -.125 0 0 .125 0
.125 0 0 -.125 0 .125 0 .125 0 -.125 .125 0 .125 0 .125 0 0 -.125 0 .125 0 0 .125 .125 .125 .125 .125 .125 .125 .125 .125 .125 .125 0 .125 .125 0 0 .125 0
.125 0 .125 .125 0 0 .125 -.125 -.125 0 0 0 .125 .125 0 0 0 .125 0 .125 0 0 0 0 .125 -.125 0 0 0 0 0 0 .125 0 .125 -.125 0 0 -.125 0
-1 1 0 -1 1 0 0 -1 0 0 0 -1 1 0 0 1 1 -1 -1 -1 1 -1 0 0 -1 -1 0 0 0 0 0 0 1 -1 1 -1 -1 -1 1 -1
0 -.125 0 0 -.125 .125 0 0 0 -.125 -.125 -.125 0 0 -.125 .125 0 .125 0 -.125 0 0 0 0 .125 .125 0 0 0 0 0 0 .125 0 -.125 -.125 0 0 .125 0
-1 -1 0 -1 -1 0 0 1 0 0 0 -1 -1 0 0 1 0 0 0 0 0 0 1 -1 0 0 -1 1 -1 -1 1 1 0 0 0 0 0 0 0 0
0 -.125 -.125 0 .125 0 -.125 0 -.125 0 0 .125 0 .125 0 .125 0 -.125 0 .125 0 0 .125 -.125 .125 -.125 .125 -.125 -.125 .125 -.125 .125 -.125 0 -.125 -.125 0 0 .125 0
.125 0 0 -.125 0 -.125 0 -.125 0 -.125 -.125 0 -.125 0 .125 0 0 -.125 0 .125 0 0 -.125 .125 .125 -.125 .125 -.125 -.125 -.125 .125 .125 -.125 0 -.125 -.125 0 0 .125 0
0 .125 0 0 .125 -.125 0 0 0 -.125 .125 -.125 0 0 -.125 .125 .125 0 -.125 0 .125 -.125 -.125 -.125 0 0 .125 .125 -.125 .125 .125 -.125 0 -.125 0 0 -.125 -.125 0 -.125
0 0 1 0 0 -1 1 0 -1 1 1 0 0 1 1 0 0 0 0 0 0 0 -1 1 0 0 -1 1 -1 1 -1 1 0 0 0 0 0 0 0 0
.125 0 -.125 .125 0 0 .125 .125 .125 0 0 0 -.125 .125 0 0 -.125 0 .125 0 -.125 .125 .125 .125 0 0 .125 .125 -.125 -.125 -.125 -.125 0 .125 0 0 .125 .125 0 .125
#
-.125 .125 0 -.125 -.125 0 0 .125 0 0 0 -.125 -.125 0 0 -.125 -.125 -.125 .125 .125 -.125 -.125 0 0 -.125 -.125 0 0 0 0 0 0 -.125 .125 -.125 -.125 .125 .125 .125 .125
-1 0 0 1 0 1 0 1 0 -1 1 0 1 0 -1 0 0 1 0 1 0 0 1 -1 -1 -1 1 1 1 1 1 -1 1 0 1 -1 0 0 -1 0
0 -1 -1 0 -1 0 -1 0 1 0 0 -1 0 -1 0 1 0 -1 0 1 0 0 1 -1 1 -1 1 1 1 1 1 -1 -1 0 1 1 0 0 -1 0
0 -1 0 0 1 -1 0 0 0 1 1 -1 0 0 -1 -1 0 1 0 1 0 0 0 0 1 1 0 0 0 0 0 0 -1 0 1 -1 0 0 1 0
0 0 -.125 0 0 -.125 -.125 0 -.125 -.125 .125 0 0 .125 .125 0 -.125 -.125 .125 -.125 -.125 -.125 0 0 -.125 .125 0 0 0 0 0 0 -.125 .125 .125 -.125 .125 .125 -.125 .125
1 0 1 1 0 0 -1 1 1 0 0 0 -1 1 0 0 0 1 0 -1 0 0 0 0 1 -1 0 0 0 0 0 0 -1 0 -1 -1 0 0 -1 0
-.125 .125 0 .125 .125 0 0 -.125 0 0 0 -.125 -.125 0 0 .125 .125 .125 .125 .125 .125 -.125 0 0 -.125 .125 0 0 0 0 0 0 -.125 .125 -.125 .125 .125 -.125 -.125 -.125
0 1 1 0 -1 0 -1 0 1 0 0 1 0 1 0 1 1 0 1 0 1 1 0 0 0 0 0 0 0 0 0 0 0 1 0 0 -1 1 0 1
1 0 0 1 0 1 0 1 0 -1 -1 0 -1 0 1 0 -1 0 -1 0 1 1 0 0 0 0 0 0 0 0 0 0 0 1 0 0 1 -1 0 1
1 0 1 -1 0 0 1 -1 -1 0 0 0 -1 1 0 0 1 0 -1 0 -1 1 -1 1 0 0 -1 -1 -1 -1 -1 1 0 1 0 0 1 1 0 -1
0 0 -.125 0 0 .125 .125 0 .125 .125 .125 0 0 .125 .125 0 -.125 -.125 -.125 -.125 .125 -.125 0 0 .125 -.125 0 0 0 0 0 0 .125 .125 .125 -.125 -.125 .125 .125 -.125
0 -1 0 0 -1 1 0 0 0 -1 1 -1 0 0 -1 1 1 0 -1 0 1 -1 1 -1 0 0 1 1 1 1 1 -1 0 -1 0 0 1 1 0 1
0 0 -.125 0 0 .125 .125 0 -.125 -.125 -.125 0 0 -.125 .125 0 0 0 0 0 0 0 .125 .125 0 0 .125 -.125 .125 -.125 .125 .125 0 0 0 0 0 0 0 0
1 0 0 -1 0 1 0 1 0 1 1 0 1 0 1 0 0 -1 0 -1 0 0 1 1 1 -1 -1 1 1 1 -1 1 1 0 1 -1 0 0 1 0
0 1 1 0 1 0 -1 0 -1 0 0 -1 0 -1 0 1 0 1 0 1 0 0 -1 -1 -1 1 -1 1 1 -1 1 1 -1 0 -1 1 0 0 -1 0
1 0 1 1 0 0 1 -1 1 0 0 0 1 -1 0 0 1 0 -1 0 1 1 -1 1 0 0 -1 -1 1 1 1 -1 0 -1 0 0 -1 -1 0 -1
-.125 .125 0 -.125 -.125 0 0 -.125 0 0 0 .125 .125 0 0 .125 0 0 0 0 0 0 -.125 -.125 0 0 .125 -.125 .125 .125 -.125 .125 0 0 0 0 0 0 0 0
0 -1 0 0 1 1 0 0 0 1 -1 1 0 0 -1 1 1 0 -1 0 1 1 1 -1 0 0 -1 -1 1 -1 -1 -1 0 -1 0 0 -1 -1 0 -1
