# Smirnov's algorithm for rank 23 3x3x3 with 139 nonzeros
-1 0 0 0 0 0 0 0 0 0 0 0 1 0 -1 0 0 0 0 1 0 0 -1
0 0 -1 0 -1 1 0 0 0 0 0 1 0 0 0 0 1 0 1 0 0 0 0
0 0 1 0 1 0 0 0 0 0 0 0 0 0 0 0 0 0 -1 -1 -1 0 0
1 -1 0 0 0 1 -1 0 0 0 0 0 0 0 0 0 0 1 0 0 0 0 0
0 0 0 0 0 1 0 0 1 0 0 0 0 0 0 0 0 0 0 0 0 -1 0
0 0 0 1 0 0 0 0 -1 0 0 1 0 0 0 1 0 0 0 -1 -1 1 0
1 0 0 0 0 0 0 1 0 0 -1 0 0 0 0 0 0 0 0 0 0 0 0
0 1 0 0 1 0 0 0 1 1 -1 0 0 0 0 0 0 0 0 0 0 0 0
0 0 0 0 -1 0 0 -1 0 0 0 0 0 1 1 0 0 0 1 0 1 0 0
#
0 0 1 -1 0 0 0 0 0 0 0 0 0 1 -1 0 0 0 -1 -1 1 0 0
0 0 1 0 0 0 0 0 0 0 0 0 0 0 0 0 -1 0 0 0 0 0 -1
0 0 0 0 0 0 0 0 0 0 0 -1 1 0 0 -1 -1 0 0 -1 0 0 0
0 0 0 1 0 0 -1 0 0 0 0 0 0 0 0 0 0 0 0 0 0 -1 0
0 1 0 0 0 1 0 0 1 1 0 1 0 0 0 0 1 0 0 0 0 -1 0
0 0 0 0 0 1 0 0 0 0 0 1 0 0 0 1 1 -1 0 0 0 0 0
0 0 1 0 -1 0 0 1 0 0 0 0 0 1 0 0 0 0 -1 0 0 0 0
0 0 1 0 -1 0 0 0 0 -1 -1 0 0 0 0 0 0 0 -1 0 0 0 0
1 1 0 0 0 0 -1 1 0 0 -1 0 1 0 1 0 0 1 0 0 0 0 1
#
-1 0 0 0 0 0 1 1 0 0 0 0 0 1 1 0 0 0 0 0 0 0 0
0 0 0 1 -1 0 0 0 -1 1 0 0 0 0 0 0 0 0 -1 0 -1 1 0
0 0 0 1 0  0 0 0 0 0 0 0 0 1 0 0 0 0 0 0 -1 0 0
-1 -1 0 0 0 0 0 0 0 1 1 0 0 0 0 0 0 0 0 0 0 0 1
0 0 0 0 0 0 0 0 1 -1 0 1 1 0 0 -1 -1 0 0 0 0 0 0
0 0 1 0 0 0 0 0 0 0 0 1 0 -1 0 -1 -1 0 -1 0 0 0 0
1 0 0 0 0 0 0 0 0 0 0 0 1 0 0 0 0 -1 0 0 0 0 0 
0 1 0 0 0 1 0 0 -1 0 0 -1 0 0 0 1 0 1 0 0 0 0 0
0 0 0 0 0 0 0 0 0 0 0 0 1 0 1 1 0 0 0 1 1 0 0
