# Eliminated version of grey432-20-144
1 0 0 0 0 0 1 0 0 0 0 0 0 0 0 0 0 0 0 0
0 0 0 0 0 0 0 0 0 0 0 0 0 0 0 0 0 0 0 0
0 0 1 0 0 0 0 0 0 0 0 0 0 0 1 0 0 0 0 0
0 0 0 0 0 0 -1 0 0 0 0 0 0 0 0 0 0 0 0 0
0 0 0 0 0 0 0 0 0 0 0 0 0 0 0 0 0 0 0 1
0 0 0 0 0 0 0 0 0 0 0 0 0 0 -1 0 -1 -1 0 1
0 0 0 0 0 0 0 0 -1 0 0 0 0 -1 0 0 0 0 0 0
0 0 0 0 0 0 0 0 0 0 0 0 0 0 0 0 0 0 0 0
0 0 0 0 0 0 0 1 1 0 0 -1 0 0 0 0 1 0 0 0
0 0 0 0 0 -1 0 0 1 -1 0 0 1 0 0 0 0 0 0 0
0 0 0 0 0 0 0 0 0 1 1 0 0 0 0 0 0 0 0 0
0 0 0 -1 -1 0 0 0 0 0 1 0 0 0 -1 0 0 0 0 0
0 1 0 0 0 0 0 0 1 0 0 -1 0 0 0 0 0 0 0 0
0 0 1 -1 0 0 0 0 0 -1 0 0 0 0 0 0 0 0 1 0
0 0 0 0 0 1 0 0 0 0 -1 0 0 1 0 1 0 0 0 0
0 0 0 0 0 0 0 0 0 0 0 0 0 0 1 0 0 1 0 0
#
0 0 0 0 0 1 0 0 0 0 0 0 0 -1 0 -1 0 0 0 0
0 0 0 0 0 0 1 0 0 0 0 0 1 0 0 0 1 -1 0 1
0 0 0 0 -1 0 0 -1 0 0 0 0 0 0 0 -1 0 0 -1 0
0 0 0 0 0 1 0 0 0 1 0 0 1 0 0 0 0 0 0 -1
0 0 -1 1 1 0 0 1 0 0 0 0 0 0 0 0 -1 0 1 0
0 0 0 0 0 0 0 0 0 0 0 0 0 0 1 0 0 0 0 0
1 0 0 0 0 0 0 0 0 0 0 0 0 0 0 0 1 -1 0 1
0 1 0 0 -1 0 1 0 0 0 0 1 0 0 0 0 1 -1 0 0
0 0 0 1 0 0 0 0 0 0 1 0 0 0 0 0 0 0 0 0
0 0 0 0 0 0 0 0 1 0 0 1 0 0 0 0 0 0 0 0
#
0 0 -1 0 0 0 0 0 0 0 0 0 0 0 0 0 0 0 0 0 1 0 0 0 0
0 0 0 0 0 0 0 0 0 0 0 0 0 0 1 0 0 0 0 0 1 1 1 0 0
0 0 0 0 0 0 0 1 0 0 0 1 0 0 0 0 1 1 0 0 0 0 0 1 0
0 -1 0 0 0 0 0 0 0 0 0 0 0 0 0 0 0 0 0 0 0 0 1 1 0
0 0 0 0 0 0 0 1 0 0 0 0 0 1 0 -1 0 0 0 0 0 0 0 0 0
0 -1 0 0 0 1 0 0 -1 0 0 -1 1 1 0 0 0 0 0 0 0 0 0 0 0
0 0 0 -1 0 -1 0 0 0 0 -1 0 0 0 0 -1 0 0 0 0 0 0 0 0 1
0 0 0 0 0 0 0 0 0 0 0 0 1 0 0 0 0 0 0 0 0 1 0 0 1
# Substitution information
0 0 0 1 1 0 0 0 0 0 0 0
1 1 0 0 0 0 0 0 0 0 0 0
0 0 0 0 0 0 0 1 1 0 0 0
-1 0 0 0 -1 0 0 0 0 0 0 0
#
-1 0 1 0 0 0
0 0 0 -1 0 1
0 0 -1 1 0 0
-1 1 0 0 0 0
#
-1 0 0 0 0 0 0 0 0 0 0 0 0 0 0 0 0 0 -1 0
0 0 0 -1 1 0 0 0 0 0 0 0 0 0 0 0 0 0 0 0
0 0 0 0 0 0 0 0 0 0 0 0 0 0 0 0 0 1 0 -1
-1 0 0 0 0 0 -1 0 0 0 0 0 0 0 0 0 0 0 0 0
0 0 0 0 0 0 0 0 0 1 0 0 0 0 0 0 0 0 -1 0
