# Eliminated version of grey522-18-99
0 0 0 0 1 0 0 0 0 0 0 0 0 0 1 0 0 0
0 0 0 0 0 0 0 0 1 0 1 0 0 0 0 0 0 0
0 0 0 0 0 0 0 0 0 0 0 0 0 0 0 0 0 0
0 0 0 0 1 0 0 0 -1 0 0 1 0 1 0 0 0 0
0 0 -1 0 0 0 0 1 0 0 0 0 0 -1 1 0 0 0
-1 0 0 0 0 0 0 0 0 0 1 0 0 0 0 0 -1 0
0 1 0 0 0 1 -1 0 0 0 0 0 -1 0 0 0 0 0
0 0 0 0 0 0 0 0 0 1 0 0 1 0 0 0 0 0
0 0 0 0 0 0 -1 0 0 0 0 0 0 0 0 0 0 1
0 1 0 1 0 0 0 0 0 1 0 0 0 0 0 0 0 -1
0 0 0 0 1 0 0 0 0 0 0 0 0 1 0 0 0 0
0 0 0 0 0 0 0 0 0 0 0 1 0 0 0 -1 0 0
#
0 1 1 0 0 0 0 0 0 0 0 0 0 0 1 0 0 1
0 0 0 0 0 0 0 1 0 0 0 0 0 0 0 0 0 0
1 0 0 0 0 0 0 0 0 -1 1 0 0 0 0 0 0 0
0 1 0 0 0 0 0 0 0 1 0 1 1 1 0 0 1 0
0 0 0 1 0 0 0 0 -1 0 0 0 0 0 0 0 0 0
0 0 0 0 1 0 -1 0 0 0 0 0 0 1 0 0 0 0
0 0 0 0 0 1 0 0 1 0 0 0 0 0 0 1 0 0
#
0 0 0 0 0 0 0 0 0 0 1 0 0 0 1 0 0 0 1 0
0 0 0 0 1 0 0 0 0 0 0 0 0 -1 1 0 0 0 0 1
0 0 0 0 0 0 0 0 1 0 1 0 0 1 0 1 0 0 1 0
0 0 0 0 0 0 0 0 0 0 0 0 0 0 0 1 0 0 0 1
0 0 0 0 0 0 0 0 0 0 0 0 0 0 0 0 0 0 -1 0
0 0 0 0 0 0 0 1 0 0 0 0 0 0 0 0 -1 0 0 0
0 1 0 -1 0 0 0 0 0 -1 0 0 1 0 0 0 0 0 0 0
0 0 0 0 0 1 0 0 0 0 0 0 1 0 0 0 0 0 0 0
0 0 0 1 0 0 0 0 0 0 0 0 0 0 0 0 0 1 0 0
0 1 0 0 0 -1 1 0 0 0 0 0 0 0 0 0 0 1 0 0
# Substitution information
0 -1 -1 0 0 0 0 0 0 0
0 0 -1 0 -1 0 0 0 0 0
#
1 0 1 0
-1 1 0 0
0 1 0 1
#
1 0 1 0 0 0 0 0 0 0 0 0 0 0 0 0 0 0
0 0 0 0 0 0 0 -1 0 0 0 1 0 0 0 0 0 0
