# Eliminated version of algorithms/grey332-15-103
0 0 0 0 0 0 0 0 0 0 0 0 1 0 0
0 0 0 0 0 0 0 0 0 1 0 0 0 0 0
-1 -1 0 0 0 0 0 0 0 0 1 0 0 0 -1
0 0 0 0 0 1 0 1 0 0 0 0 0 0 0
0 0 0 0 1 -1 0 0 0 1 0 0 0 0 -1
0 0 0 0 0 0 0 0 0 0 0 0 0 0 0
0 0 0 -1 0 1 0 0 0 0 1 0 0 -1 0
0 -1 1 0 0 0 0 0 1 0 0 -1 0 0 0
0 0 0 0 0 0 0 0 0 0 1 1 0 0 0
0 0 1 0 1 -1 0 0 0 0 0 0 0 0 0
0 0 0 1 0 0 -1 1 0 0 0 1 0 0 0
#
0 0 0 0 1 1 0 0 0 -1 0 0 1 1 0
0 0 0 0 0 0 1 1 0 0 0 0 1 0 0
0 0 0 0 0 0 0 0 1 -1 0 0 0 0 0
1 -1 0 0 0 0 0 0 0 0 0 0 0 0 1
0 1 0 0 0 0 0 0 1 0 1 1 0 0 0
1 0 0 1 0 0 -1 0 0 0 1 0 0 -1 0
0 0 1 0 -1 0 0 0 0 0 0 0 -1 0 0
0 0 0 1 0 0 0 0 0 0 0 0 0 -1 0
#
0 0 0 0 0 0 0 0 0 0 0 0 0 0 0 1 1 1 0
-1 0 0 0 1 0 0 0 0 0 0 0 1 0 0 0 0 -1 0
0 0 0 0 0 1 0 0 0 0 0 0 0 1 1 -1 -1 0 1
1 0 0 0 0 0 1 1 0 0 0 0 0 0 -1 0 0 0 0
0 0 0 0 0 0 0 0 1 0 0 1 0 -1 0 0 0 0 -1
1 1 0 0 0 0 0 0 0 0 1 -1 0 0 0 0 0 0 1
# Substitution information
-1 1 0 0 0 0 0 0 0
0 0 1 0 0 1 0 0 0
#
0 0 -1 -1 0 0
0 -1 0 0 1 0
#
0 -1 -1 0 0 0 0 0 0 0 0 0 0 0 0
0 0 0 0 -1 0 0 0 -1 0 0 0 0 0 0
0 0 0 0 0 0 0 0 0 -1 0 0 0 0 -1
0 0 0 1 0 0 -1 0 0 0 0 0 0 0 0
