# Eliminated version of algorithms/grey423-20-144
0 0 -1 0 0 0 0 0 0 0 0 0 0 0 0 0 0 0 0 0
0 0 0 0 0 0 0 0 0 0 0 0 0 0 1 0 0 1 0 -1
0 0 0 0 0 0 0 1 0 0 0 1 0 0 0 0 1 0 0 0
0 -1 0 0 0 0 0 0 0 0 0 0 0 0 0 0 0 0 0 -1
0 0 0 0 0 0 0 1 0 0 0 0 0 1 0 -1 0 0 0 0
0 -1 0 0 0 1 0 0 -1 0 0 -1 1 1 0 0 0 0 0 0
0 0 0 -1 0 -1 0 0 0 1 -1 0 0 0 0 -1 0 0 -1 0
0 0 0 0 0 0 0 0 0 1 0 0 1 0 0 0 0 0 -1 0
1 0 0 0 0 0 0 0 0 0 0 0 0 0 0 0 0 0 1 0
1 0 0 0 0 0 1 0 0 0 0 0 0 0 0 0 0 -1 0 0
0 0 0 1 -1 0 0 0 0 0 0 0 0 0 0 0 0 0 0 0
#
0 0 0 0 0 1 0 0 0 0 0 0 0 -1 0 -1 0 0 0 0
0 0 0 0 0 0 0 0 0 0 -1 0 0 0 0 -1 0 0 0 0
0 0 -1 0 0 0 0 0 0 0 0 0 0 0 0 0 -1 0 0 0
0 0 0 0 0 0 1 0 0 0 0 0 1 0 0 0 1 -1 0 1
0 0 0 1 0 1 0 0 0 1 1 0 1 0 0 0 0 0 0 -1
0 0 0 0 0 0 0 0 0 0 0 0 0 0 1 0 0 0 0 0
1 0 0 0 0 0 0 0 0 0 0 0 0 0 0 0 1 -1 0 1
0 1 0 0 -1 0 1 0 0 0 0 1 0 0 0 0 1 -1 0 0
0 0 0 1 1 0 0 1 0 0 0 0 0 0 0 0 0 0 1 0
0 0 0 0 0 0 0 0 1 0 0 1 0 0 0 0 0 0 0 0
#
1 0 0 0 0 0 1 0 0 0 0 0 0 0 0 0 0 0 0 0 1 1 1 0 0 0
0 0 0 0 0 0 0 0 0 0 0 0 0 0 0 0 0 0 0 0 1 1 0 0 0 0
0 0 1 0 0 0 0 0 0 0 0 0 0 0 1 0 0 0 0 0 0 0 0 0 0 0
0 0 0 0 0 0 -1 0 0 0 0 -1 0 0 0 0 0 0 0 0 0 0 0 1 0 0
0 0 0 0 0 0 0 0 0 0 0 -1 0 0 0 0 0 0 0 1 0 0 1 1 0 0
0 0 0 0 0 0 0 0 0 0 0 0 0 0 0 0 -1 0 0 1 0 0 1 0 0 0
0 0 0 0 0 0 0 0 0 0 0 0 0 0 0 0 0 0 0 0 0 0 0 0 1 0
0 0 0 0 0 0 0 0 0 0 0 0 0 1 0 1 0 0 0 0 0 0 0 0 0 1
0 0 0 0 0 0 0 1 0 0 0 -1 0 0 0 1 1 0 0 0 0 0 0 0 -1 1
0 0 0 0 0 -1 0 0 1 -1 0 0 1 0 0 0 0 0 0 0 0 0 0 0 0 0
0 0 0 0 0 0 0 0 0 1 1 0 0 0 0 0 0 0 0 0 0 0 0 0 0 0
0 0 0 -1 -1 0 0 0 0 0 1 0 0 0 -1 0 0 0 0 0 0 0 0 0 0 0
# Substitution information
-1 -1 0 0 0 0 0 0
0 0 -1 -1 0 0 0 0
0 -1 0 0 0 0 0 -1
#
-1 1 0 0 0 0
0 0 0 0 -1 1
0 -1 1 0 0 0
-1 0 0 1 0 0
#
0 0 1 -1 0 0 0 0 0 0 0 0 0 0 0 0 0 0 0 0
0 0 0 0 0 0 0 0 0 -1 0 0 0 0 0 0 0 0 1 0
0 0 0 0 0 0 0 0 0 0 0 0 0 0 -1 0 0 -1 0 0
0 1 0 0 0 0 0 0 1 0 0 0 0 0 0 0 0 0 0 0
0 0 0 0 0 0 0 0 -1 0 0 0 0 -1 0 0 0 0 0 0
0 0 0 0 0 1 0 0 0 0 -1 0 0 0 0 0 0 0 0 0
