# Eliminated version of hk323-15-94
0 1 0 1 1 0 0 0 0 0 0 0 0 0 0
0 0 0 0 0 0 0 0 0 1 0 0 0 0 -1
0 0 0 1 0 0 0 0 0 0 0 0 -1 0 0
0 0 0 0 -1 0 0 0 1 1 0 0 0 0 0
0 0 0 0 0 0 1 0 0 0 0 0 1 1 0
0 0 0 0 0 0 0 -1 0 0 0 1 0 0 1
1 0 0 0 0 -1 0 1 0 0 0 0 0 0 0
0 0 1 0 0 0 0 0 0 0 -1 0 0 -1 0
0 0 0 0 0 1 0 0 0 0 1 0 0 0 0
#
0 0 0 1 0 -1 0 0 0 0 0 0 0 0 0
0 0 1 1 1 0 0 0 0 0 0 0 0 0 0
0 0 0 0 0 1 1 1 0 0 0 0 0 0 0
1 0 0 0 1 0 0 0 0 1 0 0 0 0 0
0 0 0 0 0 0 0 0 0 1 -1 0 0 0 0
0 0 0 0 0 0 0 0 0 0 1 1 0 1 0
0 1 0 0 0 0 0 -1 0 0 0 0 0 0 -1
0 0 0 0 0 0 0 0 1 0 0 0 -1 1 0
0 0 0 0 0 0 0 0 0 0 0 0 1 0 1
#
1 1 0 0 0 0 0 0 0 0 0 0 0 0 0
-1 0 0 0 1 0 0 0 1 1 0 0 0 0 0
0 1 0 0 0 0 0 1 0 0 0 1 0 0 1
0 -1 -1 1 -1 0 0 0 0 0 0 0 0 0 0
0 0 1 0 0 0 0 0 -1 0 0 0 0 0 0
0 0 0 0 0 0 1 0 -1 0 0 0 -1 -1 0
1 0 0 0 0 -1 1 -1 0 0 0 0 0 0 0
0 0 1 0 0 0 0 0 0 0 -1 1 0 1 0
0 0 0 0 0 0 1 0 0 0 0 1 0 0 0
# Substitution information
1 1 0 0 0 0
0 0 1 1 0 0
0 0 0 0 1 1
#
1 0 0 -1 0 0
0 1 0 0 -1 0
0 0 1 0 0 -1
#

