Warning: no access to tty (Bad file descriptor).
Thus no job control in this shell.
MKL_0
 2000 1600 2000 0 535.989 ;  2500 1600 2500 0 856.633 ;  3000 1600 3000 0 1204.72 ;  3500 1600 3500 0 1698.57 ;  4000 1600 4000 0 2163.24 ;  4500 1600 4500 0 2737.99 ;  5000 1600 5000 0 3359.03 ;  5500 1600 5500 0 4093.76 ;  6000 1600 6000 0 4874.98 ;  6500 1600 6500 0 5757.39 ;  7000 1600 7000 0 6512.09 ;  7500 1600 7500 0 7595.33 ;  8000 1600 8000 0 8543.21 ;  8500 1600 8500 0 9812.23 ;  9000 1600 9000 0 10920 ;  9500 1600 9500 0 12226.8 ;  10000 1600 10000 0 13249.6 ;  10500 1600 10500 0 15069.8 ;  11000 1600 11000 0 16277.6 ;  11500 1600 11500 0 18080.9 ;  12000 1600 12000 0 20015.1 ; 


FAST424_26_257_1
 2000 1600 1600 1 445.811 ;  2500 1600 1600 1 550.236 ;  3000 1600 1600 1 678.506 ;  3500 1600 1600 1 793.723 ;  4000 1600 1600 1 879.807 ;  4500 1600 1600 1 1013.91 ;  5000 1600 1600 1 1107.4 ;  5500 1600 1600 1 1223.87 ;  6000 1600 1600 1 1335.28 ;  6500 1600 1600 1 1467.74 ;  7000 1600 1600 1 1606.28 ;  7500 1600 1600 1 1692.78 ;  8000 1600 1600 1 1735.12 ;  8500 1600 1600 1 1898.66 ;  9000 1600 1600 1 2022.99 ;  9500 1600 1600 1 2157.55 ;  10000 1600 1600 1 2227.44 ;  10500 1600 1600 1 2429.95 ;  11000 1600 1600 1 2463.94 ;  11500 1600 1600 1 2613.55 ;  12000 1600 1600 1 2651 ; 
FAST424_26_257_2
 2000 1600 1600 2 509.489 ;  2500 1600 1600 2 631.846 ;  3000 1600 1600 2 801.533 ;  3500 1600 1600 2 903.549 ;  4000 1600 1600 2 982.408 ;  4500 1600 1600 2 1133.01 ;  5000 1600 1600 2 1227.66 ;  5500 1600 1600 2 1371.52 ;  6000 1600 1600 2 1439.52 ;  6500 1600 1600 2 1559.71 ;  7000 1600 1600 2 1689.14 ;  7500 1600 1600 2 1763.55 ;  8000 1600 1600 2 1805.05 ;  8500 1600 1600 2 1997.92 ;  9000 1600 1600 2 2126.1 ;  9500 1600 1600 2 2309.2 ;  10000 1600 1600 2 2317.36 ;  10500 1600 1600 2 2407.07 ;  11000 1600 1600 2 2609.54 ;  11500 1600 1600 2 2733.6 ;  12000 1600 1600 2 2771.78 ; 


FAST433_29_234_1
 2000 1600 1600 1 483.389 ;  2500 1600 1600 1 565.181 ;  3000 1600 1600 1 681.332 ;  3500 1600 1600 1 778.355 ;  4000 1600 1600 1 855.669 ;  4500 1600 1600 1 1016.13 ;  5000 1600 1600 1 1101.71 ;  5500 1600 1600 1 1218.05 ;  6000 1600 1600 1 1299.15 ;  6500 1600 1600 1 1433.74 ;  7000 1600 1600 1 1559.55 ;  7500 1600 1600 1 1682.49 ;  8000 1600 1600 1 1721.8 ;  8500 1600 1600 1 1917.35 ;  9000 1600 1600 1 1999.77 ;  9500 1600 1600 1 2118.81 ;  10000 1600 1600 1 2210.34 ;  10500 1600 1600 1 2389.66 ;  11000 1600 1600 1 2445.53 ;  11500 1600 1600 1 2627.27 ;  12000 1600 1600 1 2619.22 ; 
FAST433_29_234_2
 2000 1600 1600 2 531.249 ;  2500 1600 1600 2 623.53 ;  3000 1600 1600 2 746.954 ;  3500 1600 1600 2 854.418 ;  4000 1600 1600 2 958.815 ;  4500 1600 1600 2 1115.67 ;  5000 1600 1600 2 1175.65 ;  5500 1600 1600 2 1343.81 ;  6000 1600 1600 2 1422.61 ;  6500 1600 1600 2 1529.17 ;  7000 1600 1600 2 1706.85 ;  7500 1600 1600 2 1767.09 ;  8000 1600 1600 2 1854.82 ;  8500 1600 1600 2 2025.41 ;  9000 1600 1600 2 2101.93 ;  9500 1600 1600 2 2284.72 ;  10000 1600 1600 2 2333.86 ;  10500 1600 1600 2 2446.34 ;  11000 1600 1600 2 2634.59 ;  11500 1600 1600 2 2699.3 ;  12000 1600 1600 2 2782.27 ; 


FAST323_15_103_1
 2000 1600 1600 1 446.567 ;  2500 1600 1600 1 548.49 ;  3000 1600 1600 1 645.511 ;  3500 1600 1600 1 784.163 ;  4000 1600 1600 1 894.838 ;  4500 1600 1600 1 963.368 ;  5000 1600 1600 1 1126.89 ;  5500 1600 1600 1 1235.19 ;  6000 1600 1600 1 1286.66 ;  6500 1600 1600 1 1443.62 ;  7000 1600 1600 1 1549.84 ;  7500 1600 1600 1 1618.55 ;  8000 1600 1600 1 1760.82 ;  8500 1600 1600 1 1872.7 ;  9000 1600 1600 1 1922.72 ;  9500 1600 1600 1 2108.21 ;  10000 1600 1600 1 2278.44 ;  10500 1600 1600 1 2306.93 ;  11000 1600 1600 1 2418.58 ;  11500 1600 1600 1 2568.42 ;  12000 1600 1600 1 2564.01 ; 
FAST323_15_103_2
 2000 1600 1600 2 455.786 ;  2500 1600 1600 2 590.403 ;  3000 1600 1600 2 702.447 ;  3500 1600 1600 2 804.369 ;  4000 1600 1600 2 909.455 ;  4500 1600 1600 2 941.09 ;  5000 1600 1600 2 1107.98 ;  5500 1600 1600 2 1223.67 ;  6000 1600 1600 2 1333.65 ;  6500 1600 1600 2 1417.37 ;  7000 1600 1600 2 1566.33 ;  7500 1600 1600 2 1647.74 ;  8000 1600 1600 2 1763.08 ;  8500 1600 1600 2 1843.28 ;  9000 1600 1600 2 1917.19 ;  9500 1600 1600 2 2198.53 ;  10000 1600 1600 2 2227.92 ;  10500 1600 1600 2 2315.25 ;  11000 1600 1600 2 2400.01 ;  11500 1600 1600 2 2573.22 ;  12000 1600 1600 2 2703.7 ; 


FAST522_18_99_1
 2000 1600 1600 1 437.121 ;  2500 1600 1600 1 552.741 ;  3000 1600 1600 1 671.725 ;  3500 1600 1600 1 789.254 ;  4000 1600 1600 1 883.714 ;  4500 1600 1600 1 1007.18 ;  5000 1600 1600 1 1093.86 ;  5500 1600 1600 1 1213.99 ;  6000 1600 1600 1 1325.81 ;  6500 1600 1600 1 1453.29 ;  7000 1600 1600 1 1537.01 ;  7500 1600 1600 1 1663.6 ;  8000 1600 1600 1 1778.7 ;  8500 1600 1600 1 1901.74 ;  9000 1600 1600 1 2014.45 ;  9500 1600 1600 1 2152.45 ;  10000 1600 1600 1 2189.23 ;  10500 1600 1600 1 2331.71 ;  11000 1600 1600 1 2406.51 ;  11500 1600 1600 1 2645.87 ;  12000 1600 1600 1 2619.68 ; 
FAST522_18_99_2
 2000 1600 1600 2 489.038 ;  2500 1600 1600 2 636.245 ;  3000 1600 1600 2 726.391 ;  3500 1600 1600 2 854.496 ;  4000 1600 1600 2 930.961 ;  4500 1600 1600 2 1065.43 ;  5000 1600 1600 2 1156.2 ;  5500 1600 1600 2 1296.96 ;  6000 1600 1600 2 1405.76 ;  6500 1600 1600 2 1523.42 ;  7000 1600 1600 2 1643.51 ;  7500 1600 1600 2 1785.06 ;  8000 1600 1600 2 1824.26 ;  8500 1600 1600 2 1994.71 ;  9000 1600 1600 2 2031.16 ;  9500 1600 1600 2 2197.47 ;  10000 1600 1600 2 2284.82 ;  10500 1600 1600 2 2432.45 ;  11000 1600 1600 2 2450.98 ;  11500 1600 1600 2 2620.53 ;  12000 1600 1600 2 2672.1 ; 


FAST423_20_144_1
 2000 1600 1600 1 430.811 ;  2500 1600 1600 1 538.925 ;  3000 1600 1600 1 664.598 ;  3500 1600 1600 1 775.672 ;  4000 1600 1600 1 854.558 ;  4500 1600 1600 1 989.366 ;  5000 1600 1600 1 1077.54 ;  5500 1600 1600 1 1216.65 ;  6000 1600 1600 1 1299.48 ;  6500 1600 1600 1 1433.35 ;  7000 1600 1600 1 1525.94 ;  7500 1600 1600 1 1695.54 ;  8000 1600 1600 1 1694.11 ;  8500 1600 1600 1 1857.08 ;  9000 1600 1600 1 1975.37 ;  9500 1600 1600 1 2092.6 ;  10000 1600 1600 1 2206.01 ;  10500 1600 1600 1 2328.17 ;  11000 1600 1600 1 2388.51 ;  11500 1600 1600 1 2560.12 ;  12000 1600 1600 1 2569.71 ; 
FAST423_20_144_2
 2000 1600 1600 2 472.823 ;  2500 1600 1600 2 596.66 ;  3000 1600 1600 2 746.037 ;  3500 1600 1600 2 849.089 ;  4000 1600 1600 2 897.445 ;  4500 1600 1600 2 1060.8 ;  5000 1600 1600 2 1127.06 ;  5500 1600 1600 2 1294.28 ;  6000 1600 1600 2 1331.4 ;  6500 1600 1600 2 1444.95 ;  7000 1600 1600 2 1585.19 ;  7500 1600 1600 2 1663.84 ;  8000 1600 1600 2 1701.12 ;  8500 1600 1600 2 1887.91 ;  9000 1600 1600 2 2019.19 ;  9500 1600 1600 2 2132.83 ;  10000 1600 1600 2 2174.84 ;  10500 1600 1600 2 2257.05 ;  11000 1600 1600 2 2445.15 ;  11500 1600 1600 2 2533.42 ;  12000 1600 1600 2 2596.12 ; 


STRASSEN_1
 2000 1600 1600 1 437.309 ;  2500 1600 1600 1 554.778 ;  3000 1600 1600 1 654.412 ;  3500 1600 1600 1 774.217 ;  4000 1600 1600 1 850.662 ;  4500 1600 1600 1 975.921 ;  5000 1600 1600 1 1093.52 ;  5500 1600 1600 1 1213.7 ;  6000 1600 1600 1 1314.19 ;  6500 1600 1600 1 1439.33 ;  7000 1600 1600 1 1507.43 ;  7500 1600 1600 1 1628.37 ;  8000 1600 1600 1 1709.61 ;  8500 1600 1600 1 1884.74 ;  9000 1600 1600 1 1995.08 ;  9500 1600 1600 1 2072.48 ;  10000 1600 1600 1 2151.82 ;  10500 1600 1600 1 2364.13 ;  11000 1600 1600 1 2446.3 ;  11500 1600 1600 1 2653.32 ;  12000 1600 1600 1 2664.96 ; 
STRASSEN_2
 2000 1600 1600 2 437.35 ;  2500 1600 1600 2 548.527 ;  3000 1600 1600 2 642.648 ;  3500 1600 1600 2 772.465 ;  4000 1600 1600 2 848.306 ;  4500 1600 1600 2 1004.81 ;  5000 1600 1600 2 1069.74 ;  5500 1600 1600 2 1187.4 ;  6000 1600 1600 2 1274.71 ;  6500 1600 1600 2 1402.13 ;  7000 1600 1600 2 1556.79 ;  7500 1600 1600 2 1769.75 ;  8000 1600 1600 2 1786.08 ;  8500 1600 1600 2 1988.47 ;  9000 1600 1600 2 2084.76 ;  9500 1600 1600 2 2195.67 ;  10000 1600 1600 2 2286.9 ;  10500 1600 1600 2 2514.81 ;  11000 1600 1600 2 2623 ;  11500 1600 1600 2 2748.42 ;  12000 1600 1600 2 2740.05 ; 


BINI322_1
 2000 1600 1600 1 426.236 ;  2500 1600 1600 1 540.25 ;  3000 1600 1600 1 620.807 ;  3500 1600 1600 1 755.685 ;  4000 1600 1600 1 859.199 ;  4500 1600 1600 1 924.961 ;  5000 1600 1600 1 1049.08 ;  5500 1600 1600 1 1155.67 ;  6000 1600 1600 1 1224.63 ;  6500 1600 1600 1 1380.84 ;  7000 1600 1600 1 1486.14 ;  7500 1600 1600 1 1536.47 ;  8000 1600 1600 1 1671.76 ;  8500 1600 1600 1 1785.01 ;  9000 1600 1600 1 1846.54 ;  9500 1600 1600 1 1988.72 ;  10000 1600 1600 1 2129.83 ;  10500 1600 1600 1 2188 ;  11000 1600 1600 1 2338.38 ;  11500 1600 1600 1 2409.47 ;  12000 1600 1600 1 2420.88 ; 
BINI322_2
 2000 1600 1600 2 416.562 ;  2500 1600 1600 2 577.318 ;  3000 1600 1600 2 654.693 ;  3500 1600 1600 2 746.362 ;  4000 1600 1600 2 822.888 ;  4500 1600 1600 2 869.937 ;  5000 1600 1600 2 1053.12 ;  5500 1600 1600 2 1109.13 ;  6000 1600 1600 2 1210.07 ;  6500 1600 1600 2 1311.87 ;  7000 1600 1600 2 1418.6 ;  7500 1600 1600 2 1525.22 ;  8000 1600 1600 2 1591.36 ;  8500 1600 1600 2 1669.8 ;  9000 1600 1600 2 1712.36 ;  9500 1600 1600 2 1931.04 ;  10000 1600 1600 2 2005.64 ;  10500 1600 1600 2 2093 ;  11000 1600 1600 2 2326.23 ;  11500 1600 1600 2 2495.91 ;  12000 1600 1600 2 2521.15 ; 



 + --------------------------------------------------------------------------
 +        Job name: my_job
 +          Job Id: 1531584.edique02
 +          System: edison
 +     Queued Time: Wed Aug  6 16:53:16 2014
 +      Start Time: Thu Aug  7 00:00:10 2014
 + Completion Time: Thu Aug  7 00:53:15 2014
 +            User: arbenson
 +        MOM Host: nid02048
 +           Queue: reg_small
 +  Req. Resources: mppnodect=1,mppnppn=24,mppwidth=24,walltime=05:00:00
 +  Used Resources: cput=00:52:56,mem=1501836kb,vmem=1604984kb,walltime=00:53:06
 +     Acct String: mp156
 +   PBS_O_WORKDIR: /global/u1/a/arbenson/fast-matmul
 +     Submit Args: submit_outerprod.sh
 + --------------------------------------------------------------------------

