Warning: no access to tty (Bad file descriptor).
Thus no job control in this shell.
MKL_0
 6000 2000 2000 0 2070.97 ;  6400 2000 2000 0 2185.85 ;  6800 2000 2000 0 2321.03 ;  7200 2000 2000 0 2417.29 ;  7600 2000 2000 0 2590.89 ;  8000 2000 2000 0 2685.5 ;  8400 2000 2000 0 2945.19 ;  8800 2000 2000 0 2968.91 ;  9200 2000 2000 0 3177.35 ;  9600 2000 2000 0 3275.86 ;  10000 2000 2000 0 3354.3 ;  10400 2000 2000 0 3507.93 ;  10800 2000 2000 0 3676.47 ;  11200 2000 2000 0 3762.05 ;  11600 2000 2000 0 3902.04 ;  12000 2000 2000 0 4203.3 ;  12400 2000 2000 0 4561.77 ;  12800 2000 2000 0 4358.52 ;  13200 2000 2000 0 4490.96 ;  13600 2000 2000 0 4785.86 ;  14000 2000 2000 0 4704.39 ;  14400 2000 2000 0 4887.51 ;  14800 2000 2000 0 5399.46 ;  15200 2000 2000 0 5208.15 ;  15600 2000 2000 0 5670.6 ;  16000 2000 2000 0 5427.7 ;  16400 2000 2000 0 6101.36 ;  16800 2000 2000 0 5737.58 ;  17200 2000 2000 0 5781.42 ;  17600 2000 2000 0 5968.35 ;  18000 2000 2000 0 6124.83 ; 


FAST522_18_99_1
 6000 2000 2000 1 1998.36 ;  6400 2000 2000 1 2122.25 ;  6800 2000 2000 1 2269.68 ;  7200 2000 2000 1 2396.12 ;  7600 2000 2000 1 2554.93 ;  8000 2000 2000 1 2694.14 ;  8400 2000 2000 1 2845.57 ;  8800 2000 2000 1 2933.67 ;  9200 2000 2000 1 3063.98 ;  9600 2000 2000 1 3238.11 ;  10000 2000 2000 1 3307.1 ;  10400 2000 2000 1 3510.6 ;  10800 2000 2000 1 3581.25 ;  11200 2000 2000 1 3718.29 ;  11600 2000 2000 1 3845.67 ;  12000 2000 2000 1 3987.5 ;  12400 2000 2000 1 4182.52 ;  12800 2000 2000 1 4328.48 ;  13200 2000 2000 1 4380.33 ;  13600 2000 2000 1 4507.07 ;  14000 2000 2000 1 4682.14 ;  14400 2000 2000 1 4835.33 ;  14800 2000 2000 1 4936.48 ;  15200 2000 2000 1 5074.69 ;  15600 2000 2000 1 5321.89 ;  16000 2000 2000 1 5387.56 ;  16400 2000 2000 1 5633.13 ;  16800 2000 2000 1 5712.78 ;  17200 2000 2000 1 5738.31 ;  17600 2000 2000 1 5825.51 ;  18000 2000 2000 1 5998.7 ; 
FAST522_18_99_2
 6000 2000 2000 2 2050.53 ;  6400 2000 2000 2 2213.03 ;  6800 2000 2000 2 2309.27 ;  7200 2000 2000 2 2438.77 ;  7600 2000 2000 2 2568.59 ;  8000 2000 2000 2 2712.84 ;  8400 2000 2000 2 2841.39 ;  8800 2000 2000 2 2998.88 ;  9200 2000 2000 2 3088.33 ;  9600 2000 2000 2 3204.57 ;  10000 2000 2000 2 3348.14 ;  10400 2000 2000 2 3489.96 ;  10800 2000 2000 2 3607.53 ;  11200 2000 2000 2 3732.45 ;  11600 2000 2000 2 3902.34 ;  12000 2000 2000 2 4230.28 ;  12400 2000 2000 2 4312.21 ;  12800 2000 2000 2 4486.21 ;  13200 2000 2000 2 4621.8 ;  13600 2000 2000 2 4827.01 ;  14000 2000 2000 2 5021.22 ;  14400 2000 2000 2 5139.22 ;  14800 2000 2000 2 5225.95 ;  15200 2000 2000 2 5360.22 ;  15600 2000 2000 2 5526.47 ;  16000 2000 2000 2 5782.78 ;  16400 2000 2000 2 5809.99 ;  16800 2000 2000 2 6016.86 ;  17200 2000 2000 2 6055.49 ;  17600 2000 2000 2 6253.76 ;  18000 2000 2000 2 6366.27 ; 


FAST433_29_234_1
 6000 2000 2000 1 1939.98 ;  6400 2000 2000 1 2078.11 ;  6800 2000 2000 1 2210.43 ;  7200 2000 2000 1 2319.46 ;  7600 2000 2000 1 2515.33 ;  8000 2000 2000 1 2585.92 ;  8400 2000 2000 1 2763.37 ;  8800 2000 2000 1 2838.5 ;  9200 2000 2000 1 3088.89 ;  9600 2000 2000 1 3092.72 ;  10000 2000 2000 1 3331.56 ;  10400 2000 2000 1 3412.57 ;  10800 2000 2000 1 3638.36 ;  11200 2000 2000 1 3650.64 ;  11600 2000 2000 1 3827.17 ;  12000 2000 2000 1 3860.41 ;  12400 2000 2000 1 4123.99 ;  12800 2000 2000 1 4169.75 ;  13200 2000 2000 1 4307.05 ;  13600 2000 2000 1 4375.65 ;  14000 2000 2000 1 4567.86 ;  14400 2000 2000 1 4618.82 ;  14800 2000 2000 1 4920.98 ;  15200 2000 2000 1 4963.56 ;  15600 2000 2000 1 5125.41 ;  16000 2000 2000 1 5236.49 ;  16400 2000 2000 1 5702.48 ;  16800 2000 2000 1 5565.67 ;  17200 2000 2000 1 5729.04 ;  17600 2000 2000 1 5736.53 ;  18000 2000 2000 1 5973.01 ; 
FAST433_29_234_2
 6000 2000 2000 2 2091.75 ;  6400 2000 2000 2 2124.32 ;  6800 2000 2000 2 2295.72 ;  7200 2000 2000 2 2374.97 ;  7600 2000 2000 2 2544.9 ;  8000 2000 2000 2 2642.48 ;  8400 2000 2000 2 2870.4 ;  8800 2000 2000 2 2915.29 ;  9200 2000 2000 2 3098.65 ;  9600 2000 2000 2 3086.94 ;  10000 2000 2000 2 3382.6 ;  10400 2000 2000 2 3498 ;  10800 2000 2000 2 3628.36 ;  11200 2000 2000 2 3771.08 ;  11600 2000 2000 2 3886.4 ;  12000 2000 2000 2 4036.19 ;  12400 2000 2000 2 4157.25 ;  12800 2000 2000 2 4166.91 ;  13200 2000 2000 2 4795.52 ;  13600 2000 2000 2 4881.52 ;  14000 2000 2000 2 5152.54 ;  14400 2000 2000 2 5299.73 ;  14800 2000 2000 2 5505.25 ;  15200 2000 2000 2 5609.96 ;  15600 2000 2000 2 5787.3 ;  16000 2000 2000 2 5774.8 ;  16400 2000 2000 2 6243.81 ;  16800 2000 2000 2 6196.48 ;  17200 2000 2000 2 6461.91 ;  17600 2000 2000 2 6480.66 ;  18000 2000 2000 2 6906.86 ; 


STRASSEN_1
 6000 2000 2000 1 2037.31 ;  6400 2000 2000 1 2138.19 ;  6800 2000 2000 1 2202.21 ;  7200 2000 2000 1 2359.33 ;  7600 2000 2000 1 2499.06 ;  8000 2000 2000 1 2626.52 ;  8400 2000 2000 1 2826.42 ;  8800 2000 2000 1 2944.79 ;  9200 2000 2000 1 3101.2 ;  9600 2000 2000 1 3155.68 ;  10000 2000 2000 1 3349.28 ;  10400 2000 2000 1 3546.03 ;  10800 2000 2000 1 3674.05 ;  11200 2000 2000 1 3742.41 ;  11600 2000 2000 1 3867.6 ;  12000 2000 2000 1 4019.47 ;  12400 2000 2000 1 4135.97 ;  12800 2000 2000 1 4240.06 ;  13200 2000 2000 1 4400.95 ;  13600 2000 2000 1 4565.62 ;  14000 2000 2000 1 4660.53 ;  14400 2000 2000 1 4810.77 ;  14800 2000 2000 1 5101.48 ;  15200 2000 2000 1 5068.77 ;  15600 2000 2000 1 5305.46 ;  16000 2000 2000 1 5344.62 ;  16400 2000 2000 1 5935.8 ;  16800 2000 2000 1 5862.11 ;  17200 2000 2000 1 5659.09 ;  17600 2000 2000 1 5786.44 ;  18000 2000 2000 1 6014.65 ; 
STRASSEN_2
 6000 2000 2000 2 2039.72 ;  6400 2000 2000 2 2160.59 ;  6800 2000 2000 2 2354.39 ;  7200 2000 2000 2 2473.05 ;  7600 2000 2000 2 2694.28 ;  8000 2000 2000 2 2687.6 ;  8400 2000 2000 2 2905.59 ;  8800 2000 2000 2 3009.35 ;  9200 2000 2000 2 3197.43 ;  9600 2000 2000 2 3292.21 ;  10000 2000 2000 2 3502.35 ;  10400 2000 2000 2 3528.26 ;  10800 2000 2000 2 3764.48 ;  11200 2000 2000 2 3827.21 ;  11600 2000 2000 2 4027.38 ;  12000 2000 2000 2 4094.3 ;  12400 2000 2000 2 4202.38 ;  12800 2000 2000 2 4357.25 ;  13200 2000 2000 2 4548.56 ;  13600 2000 2000 2 4756.18 ;  14000 2000 2000 2 4826.49 ;  14400 2000 2000 2 4784.08 ;  14800 2000 2000 2 5001.11 ;  15200 2000 2000 2 5160.54 ;  15600 2000 2000 2 5357.14 ;  16000 2000 2000 2 5573.41 ;  16400 2000 2000 2 5845.14 ;  16800 2000 2000 2 5839.01 ;  17200 2000 2000 2 5984.79 ;  17600 2000 2000 2 6087.69 ;  18000 2000 2000 2 6301.66 ; 


FAST424_26_257_1
 6000 2000 2000 1 2021.56 ;  6400 2000 2000 1 2100.26 ;  6800 2000 2000 1 2290.28 ;  7200 2000 2000 1 2348.58 ;  7600 2000 2000 1 2590.34 ;  8000 2000 2000 1 2603.76 ;  8400 2000 2000 1 2817.17 ;  8800 2000 2000 1 2855.58 ;  9200 2000 2000 1 3092.72 ;  9600 2000 2000 1 3179.47 ;  10000 2000 2000 1 3389.51 ;  10400 2000 2000 1 3479.73 ;  10800 2000 2000 1 3693.71 ;  11200 2000 2000 1 3705.47 ;  11600 2000 2000 1 3914.93 ;  12000 2000 2000 1 3947.89 ;  12400 2000 2000 1 4111.38 ;  12800 2000 2000 1 4281.72 ;  13200 2000 2000 1 4415.54 ;  13600 2000 2000 1 4422.82 ;  14000 2000 2000 1 4638.48 ;  14400 2000 2000 1 4673.07 ;  14800 2000 2000 1 5039.42 ;  15200 2000 2000 1 4974.88 ;  15600 2000 2000 1 5192.75 ;  16000 2000 2000 1 5438.93 ;  16400 2000 2000 1 5722.24 ;  16800 2000 2000 1 5779.85 ;  17200 2000 2000 1 5892.24 ;  17600 2000 2000 1 6039.94 ;  18000 2000 2000 1 6299.56 ; 
FAST424_26_257_2
 6000 2000 2000 2 2101.68 ;  6400 2000 2000 2 2129.27 ;  6800 2000 2000 2 2461.53 ;  7200 2000 2000 2 2475.35 ;  7600 2000 2000 2 2646.52 ;  8000 2000 2000 2 2710.21 ;  8400 2000 2000 2 2859.67 ;  8800 2000 2000 2 3036.92 ;  9200 2000 2000 2 3171.6 ;  9600 2000 2000 2 3219.48 ;  10000 2000 2000 2 3428.96 ;  10400 2000 2000 2 3582.16 ;  10800 2000 2000 2 3746.64 ;  11200 2000 2000 2 3891.63 ;  11600 2000 2000 2 4032.71 ;  12000 2000 2000 2 4173.54 ;  12400 2000 2000 2 4357.87 ;  12800 2000 2000 2 4393.46 ;  13200 2000 2000 2 4565.27 ;  13600 2000 2000 2 4715.98 ;  14000 2000 2000 2 4909.85 ;  14400 2000 2000 2 5019.75 ;  14800 2000 2000 2 5201.81 ;  15200 2000 2000 2 5387.95 ;  15600 2000 2000 2 5516.58 ;  16000 2000 2000 2 5976.99 ;  16400 2000 2000 2 6344.31 ;  16800 2000 2000 2 6249.6 ;  17200 2000 2000 2 6586.16 ;  17600 2000 2000 2 6412.96 ;  18000 2000 2000 2 6747.68 ; 


FAST323_15_103_1
 6000 2000 2000 1 1904.69 ;  6400 2000 2000 1 2099.38 ;  6800 2000 2000 1 2244.35 ;  7200 2000 2000 1 2285.72 ;  7600 2000 2000 1 2601.69 ;  8000 2000 2000 1 2645.39 ;  8400 2000 2000 1 2683.94 ;  8800 2000 2000 1 2935.52 ;  9200 2000 2000 1 3060.12 ;  9600 2000 2000 1 3136.73 ;  10000 2000 2000 1 3353.28 ;  10400 2000 2000 1 3436.75 ;  10800 2000 2000 1 3473.58 ;  11200 2000 2000 1 3731.11 ;  11600 2000 2000 1 3810.49 ;  12000 2000 2000 1 3885.53 ;  12400 2000 2000 1 4185.94 ;  12800 2000 2000 1 4360.89 ;  13200 2000 2000 1 4384.9 ;  13600 2000 2000 1 4646.42 ;  14000 2000 2000 1 4815.25 ;  14400 2000 2000 1 4813.91 ;  14800 2000 2000 1 5011.7 ;  15200 2000 2000 1 5188.78 ;  15600 2000 2000 1 5164.85 ;  16000 2000 2000 1 5466.29 ;  16400 2000 2000 1 5689.92 ;  16800 2000 2000 1 5563.75 ;  17200 2000 2000 1 5874.41 ;  17600 2000 2000 1 5931.69 ;  18000 2000 2000 1 5964.7 ; 
FAST323_15_103_2
 6000 2000 2000 2 1962.95 ;  6400 2000 2000 2 2119.51 ;  6800 2000 2000 2 2339.06 ;  7200 2000 2000 2 2264.41 ;  7600 2000 2000 2 2489.04 ;  8000 2000 2000 2 2602.51 ;  8400 2000 2000 2 2742.58 ;  8800 2000 2000 2 2995.74 ;  9200 2000 2000 2 3005.57 ;  9600 2000 2000 2 3199.73 ;  10000 2000 2000 2 3577.2 ;  10400 2000 2000 2 3795.36 ;  10800 2000 2000 2 3682.27 ;  11200 2000 2000 2 3955.57 ;  11600 2000 2000 2 4055.02 ;  12000 2000 2000 2 4276.75 ;  12400 2000 2000 2 4482.51 ;  12800 2000 2000 2 4373.61 ;  13200 2000 2000 2 4576.91 ;  13600 2000 2000 2 4655.71 ;  14000 2000 2000 2 4854.01 ;  14400 2000 2000 2 4865.48 ;  14800 2000 2000 2 5073.34 ;  15200 2000 2000 2 5170.02 ;  15600 2000 2000 2 5402.74 ;  16000 2000 2000 2 5597.5 ;  16400 2000 2000 2 5643.6 ;  16800 2000 2000 2 5815.99 ;  17200 2000 2000 2 6016.89 ;  17600 2000 2000 2 6286.47 ;  18000 2000 2000 2 6182.5 ; 


MKL_0
Terminated

 + --------------------------------------------------------------------------
 +        Job name: my_job
 +          Job Id: 1528086.edique02
 +          System: edison
 +     Queued Time: Tue Aug  5 17:43:02 2014
 +      Start Time: Wed Aug  6 06:14:59 2014
 + Completion Time: Wed Aug  6 08:15:00 2014
 +            User: arbenson
 +        MOM Host: nid02048
 +           Queue: reg_small
 +  Req. Resources: mppnodect=1,mppnppn=24,mppwidth=24,walltime=06:00:00
 +  Used Resources: cput=01:59:40,mem=1206660kb,vmem=1481100kb,walltime=02:00:04
 +     Acct String: mp156
 +   PBS_O_WORKDIR: /global/u1/a/arbenson/fast-matmul
 +     Submit Args: submit_benchmarks.sh
 + --------------------------------------------------------------------------

