# the original algorithm
1  0  1  0   1   0  0  0  0   0
0  0  0  e  e  0  0  0  0   0
0  0  0  0   0   1  0  1  0   1
1  1  0  1   0   0  0  0  0   0
0  0  0  0   0   0  0  0  e  e
0  0  0  0   0   1  1  0  1   0
#
e  0  0  -e  0 1  1  -1  1  0
0  0  0  0  e 0  0  -1  0  1
0  -1  0  1  0 0  0  0  e  0
1  -1  1  0  1 e  0  0  0  -e
#
ei  ei  -ei  ei  0  0  0  0  0  0
0  0  -ei  0  ei  0  0  0  0  0
0  0  0  1  0  1  0  0  -1  0
1  0  0  0  -1  0  0  0  0  1
0  0  0  0  0  0  -ei  0  ei  0
0  0  0  0  0  ei  -ei  ei  0  ei
