# the original algorithm
1  0  1  0   1   0  0  0  0   0
0  0  0  x  x  0  0  0  0   0
0  0  0  0   0   1  0  1  0   1
1  1  0  1   0   0  0  0  0   0
0  0  0  0   0   0  0  0  x  x
0  0  0  0   0   1  1  0  1   0
#
x  0  0  -x  0 1  1  -1  1  0
0  0  0  0  x 0  0  -1  0  1
0  -1  0  1  0 0  0  0  x  0
1  -1  1  0  1 x  0  0  0  -x
#
xi  xi  -xi  xi  0  0  0  0  0  0
0  0  -xi  0  xi  0  0  0  0  0
0  0  0  1  0  1  0  0  -1  0
1  0  0  0  -1  0  0  0  0  1
0  0  0  0  0  0  -xi  0  xi  0
0  0  0  0  0  xi  -xi  xi  0  xi
