# Classical algorithm with 2 x 3 x 4 base case
1     0     1     0     1     0     1     0     0     0     0     0     0     0     0     0     0     0     0     0     0     0     0     0
0     0     0     0     0     0     0     0     1     0     1     0     1     0     1     0     0     0     0     0     0     0     0     0
0     0     0     0     0     0     0     0     0     0     0     0     0     0     0     0     1     0     1     0     1     0     1     0
0     1     0     1     0     1     0     1     0     0     0     0     0     0     0     0     0     0     0     0     0     0     0     0
0     0     0     0     0     0     0     0     0     1     0     1     0     1     0     1     0     0     0     0     0     0     0     0
0     0     0     0     0     0     0     0     0     0     0     0     0     0     0     0     0     1     0     1     0     1     0     1
#
1     1     0     0     0     0     0     0     0     0     0     0     0     0     0     0     0     0     0     0     0     0     0     0
0     0     1     1     0     0     0     0     0     0     0     0     0     0     0     0     0     0     0     0     0     0     0     0
0     0     0     0     1     1     0     0     0     0     0     0     0     0     0     0     0     0     0     0     0     0     0     0
0     0     0     0     0     0     1     1     0     0     0     0     0     0     0     0     0     0     0     0     0     0     0     0
0     0     0     0     0     0     0     0     1     1     0     0     0     0     0     0     0     0     0     0     0     0     0     0
0     0     0     0     0     0     0     0     0     0     1     1     0     0     0     0     0     0     0     0     0     0     0     0
0     0     0     0     0     0     0     0     0     0     0     0     1     1     0     0     0     0     0     0     0     0     0     0
0     0     0     0     0     0     0     0     0     0     0     0     0     0     1     1     0     0     0     0     0     0     0     0
0     0     0     0     0     0     0     0     0     0     0     0     0     0     0     0     1     1     0     0     0     0     0     0
0     0     0     0     0     0     0     0     0     0     0     0     0     0     0     0     0     0     1     1     0     0     0     0
0     0     0     0     0     0     0     0     0     0     0     0     0     0     0     0     0     0     0     0     1     1     0     0
0     0     0     0     0     0     0     0     0     0     0     0     0     0     0     0     0     0     0     0     0     0     1     1
#
1     0     0     0     0     0     0     0     1     0     0     0     0     0     0     0     1     0     0     0     0     0     0     0
0     0     1     0     0     0     0     0     0     0     1     0     0     0     0     0     0     0     1     0     0     0     0     0
0     0     0     0     1     0     0     0     0     0     0     0     1     0     0     0     0     0     0     0     1     0     0     0
0     0     0     0     0     0     1     0     0     0     0     0     0     0     1     0     0     0     0     0     0     0     1     0
0     1     0     0     0     0     0     0     0     1     0     0     0     0     0     0     0     1     0     0     0     0     0     0
0     0     0     1     0     0     0     0     0     0     0     1     0     0     0     0     0     0     0     1     0     0     0     0
0     0     0     0     0     1     0     0     0     0     0     0     0     1     0     0     0     0     0     0     0     1     0     0
0     0     0     0     0     0     0     1     0     0     0     0     0     0     0     1     0     0     0     0     0     0     0     1
