# (1, 2, 0) permutation of grey432-20-144
-1 0 0 0 0 1 0 0 -1 0 0 -1 0 -1 0 -1 -1 1 0 -1
0 0 0 0 0 0 1 0 1 0 0 1 1 0 0 0 1 -1 0 1
1 0 0 -1 -1 0 0 -1 0 0 -1 0 0 0 0 -1 1 -1 -1 1
0 -1 0 1 1 1 -1 0 0 1 1 -1 1 0 0 0 -1 1 0 -1
0 0 -1 1 1 0 0 1 0 0 0 0 0 0 0 0 -1 0 1 0
0 1 0 0 -1 0 1 0 0 0 0 1 0 0 1 0 1 -1 0 0
#
-1 0 -1 0 0 0 0 0 0 0 0 0 0 0 0 0 0 0 -1 0
-1 0 0 0 0 0 -1 1 0 0 0 1 0 0 0 0 1 1 0 0
0 0 0 0 0 0 0 1 0 0 0 0 0 1 0 -1 0 0 0 0
0 0 0 -1 0 -1 0 0 0 1 -1 0 0 0 0 -1 0 0 -1 0
-1 0 0 -1 1 0 0 0 0 0 0 0 0 0 1 0 0 1 -1 -1
-1 -1 0 0 0 0 -1 0 0 0 0 0 0 0 0 0 0 1 0 -1
0 -1 0 0 0 1 0 0 -1 0 0 -1 1 1 0 0 0 0 0 0
0 0 0 -1 1 0 0 0 0 1 0 0 1 0 0 0 0 0 -1 0
#
1 0 1 -1 0 0 1 0 0 -1 0 0 0 0 -1 0 0 -1 1 0
0 1 0 0 0 0 -1 0 1 0 0 -1 0 0 0 0 0 0 0 0
0 0 0 0 0 0 0 0 -1 0 0 0 0 -1 0 0 0 0 0 0
0 0 0 0 0 -1 0 0 1 -1 0 0 1 0 0 0 0 0 0 0
0 0 1 -1 0 0 0 0 0 -1 0 0 0 0 0 0 0 0 1 0
0 1 0 0 0 0 0 0 1 0 0 -1 0 0 -1 0 0 -1 0 1
0 0 0 0 0 1 0 0 0 0 -1 0 0 1 0 1 0 0 0 0
0 0 0 0 0 0 0 0 0 1 1 0 0 0 0 0 0 0 0 0
0 0 1 0 0 0 0 0 0 0 0 0 0 0 1 0 0 0 0 0
0 0 0 0 0 0 0 0 0 0 0 0 0 0 -1 0 -1 -1 0 1
0 0 0 0 0 1 0 1 1 0 -1 -1 0 1 0 1 1 0 0 0
0 0 0 -1 -1 0 0 0 0 0 1 0 0 0 -1 0 0 0 0 0
