# rank 18 5x2x2 algorithm with 99 nonzeros
0 0 0 0 1 0 0 0 0 0 0 0 0 0 1 0 0 0
0 0 0 0 -1 0 0 0 1 0 1 0 0 -1 0 0 0 0
0 0 0 0 -1 0 0 0 0 0 0 -1 0 -1 0 1 0 0
0 0 0 0 1 0 0 0 -1 0 0 1 0 1 0 0 0 0
0 0 -1 0 0 0 0 1 0 0 0 -1 0 -1 1 1 0 0
-1 0 0 0 0 0 0 0 0 0 1 0 0 0 0 0 -1 0
0 1 0 0 0 1 -1 0 0 0 0 0 -1 0 0 0 0 0
0 0 0 0 0 0 0 0 0 1 0 0 1 0 0 0 0 0
0 0 0 0 0 0 -1 0 0 0 0 0 0 0 0 0 0 1
0 1 0 1 0 0 0 0 0 1 0 0 0 0 0 0 0 -1
#
0 1 1 1 -1 0 1 0 -1 0 0 0 0 -1 1 0 0 1
0 0 0 0 1 1 -1 1 1 0 0 0 0 1 0 1 0 0
1 0 0 1 0 0 0 0 -1 -1 1 0 0 0 0 0 0 0
0 1 0 0 0 1 0 0 1 1 0 1 1 1 0 1 1 0
#
1 0 1 0 0 0 0 0 0 0 1 0 0 0 1 0 0 0
0 0 0 0 1 0 0 -1 0 0 0 1 0 -1 1 0 0 0
1 0 1 0 0 0 0 0 1 0 1 0 0 1 0 1 0 0
0 0 0 0 0 0 0 -1 0 0 0 1 0 0 0 1 0 0
-1 0 -1 0 0 0 0 0 0 0 0 0 0 0 0 0 0 0
0 0 0 0 0 0 0 1 0 0 0 0 0 0 0 0 -1 0
0 1 0 -1 0 0 0 0 0 -1 0 0 1 0 0 0 0 0
0 0 0 0 0 1 0 0 0 0 0 0 1 0 0 0 0 0
0 0 0 1 0 0 0 0 0 0 0 0 0 0 0 0 0 1
0 1 0 0 0 -1 1 0 0 0 0 0 0 0 0 0 0 1
