# (1, 0, 2) permutation of algorithms/grey433-29-234
1 0 0 0 0 0 0 -1 0 0 0 -1 -1 0 0 0 0 0 0 1 0 0 0 0 0 1 0 0 0
0 1 0 0 0 0 0 0 0 -1 0 0 0 0 1 1 0 0 0 0 0 0 0 0 0 0 1 0 0
0 0 0 0 0 0 0 1 0 0 0 0 1 0 0 0 0 0 0 -1 0 0 0 -1 0 0 1 0 0
0 0 0 1 0 -1 0 1 0 0 0 0 1 0 0 0 0 1 0 -1 0 0 0 0 -1 0 1 0 0
0 0 0 0 -1 0 0 1 0 0 0 0 0 0 0 0 0 0 -1 0 1 0 0 0 0 -1 0 0 0
0 0 0 0 0 0 0 0 1 1 0 0 -1 0 0 -1 0 0 -1 0 0 0 0 0 0 0 -1 0 0
0 0 0 0 0 0 0 -1 1 0 0 0 -1 0 0 -1 0 0 0 0 0 0 0 0 0 0 -1 1 0
0 0 0 0 0 0 0 -1 0 1 -1 0 0 0 0 0 0 0 0 0 0 1 1 0 0 0 0 0 -1
0 0 0 0 0 0 -1 1 0 0 1 0 0 -1 0 0 0 0 0 0 0 0 0 0 0 -1 0 0 0
0 0 1 0 0 -1 0 0 0 0 0 1 0 0 0 0 1 -1 0 0 -1 1 0 1 0 0 0 -1 1
0 0 1 0 0 -1 1 -1 0 0 -1 1 0 1 0 0 0 0 0 0 0 1 0 1 0 0 0 0 0
0 0 0 0 0 0 1 -1 0 0 -1 0 0 0 0 0 0 -1 0 0 0 1 0 0 0 0 0 0 0
#
1 0 0 0 -1 0 0 0 0 0 0 0 0 0 0 0 0 0 0 0 0 0 0 0 0 1 0 0 0
0 0 0 0 0 0 0 1 -1 1 1 0 -1 0 0 1 0 0 1 0 0 1 1 0 0 0 -1 1 1
0 0 -1 0 0 0 0 0 0 0 0 -1 0 1 0 0 1 0 0 0 1 0 0 0 0 1 0 0 0
0 1 0 0 1 0 0 0 1 0 0 0 0 0 1 -1 0 0 1 0 1 0 0 0 0 0 0 -1 0
0 0 0 0 0 0 0 0 1 -1 0 0 0 0 0 -1 0 0 0 0 0 0 -1 0 0 0 0 -1 -1
0 1 0 0 0 0 0 0 1 0 0 0 0 0 0 -1 -1 0 0 0 0 0 0 0 0 0 0 -1 0
1 0 0 1 -1 0 0 0 1 0 0 1 1 0 0 0 0 0 -1 1 -1 0 0 -1 0 0 0 1 0
0 0 -1 0 0 1 0 0 0 1 0 0 0 0 0 1 0 0 0 0 0 0 1 0 -1 0 -1 1 1
0 0 -1 0 0 0 0 0 0 0 0 0 0 0 0 0 1 0 0 0 0 0 0 -1 0 0 0 1 0
0 0 1 -1 0 -1 -1 0 0 0 -1 0 0 -1 0 0 1 1 0 0 0 1 1 0 0 0 0 0 -1
0 0 1 0 0 -1 0 0 0 0 0 0 0 0 0 0 0 0 0 0 0 1 1 0 1 0 0 0 0
0 0 1 0 0 -1 0 0 0 0 0 0 0 0 0 0 1 1 0 0 0 1 0 0 0 0 0 0 -1
#
1 0 0 -1 0 0 0 0 0 0 0 0 0 0 1 0 0 0 0 -1 0 0 0 0 0 0 0 0 0
0 -1 0 0 0 0 0 0 1 0 0 0 1 0 0 -1 0 0 0 1 0 0 0 0 -1 0 -1 0 0
0 1 -1 1 0 1 0 0 0 0 0 1 0 0 -1 0 0 0 0 1 0 0 0 1 1 0 0 0 0
0 0 0 0 1 0 1 -1 0 0 1 0 -1 0 0 0 0 0 -1 -1 0 0 0 0 0 0 0 0 0
0 -1 0 0 0 0 -1 1 1 -1 -1 0 1 0 0 -1 0 0 0 1 0 0 1 0 0 0 0 0 0
0 1 0 0 0 0 -1 1 0 1 -1 0 1 0 0 1 1 0 1 1 1 0 0 0 0 0 0 1 1
1 0 0 0 -1 0 -1 0 0 0 0 1 0 1 0 0 0 0 0 0 -1 0 0 0 0 -1 0 0 0
0 0 0 0 0 -1 1 0 0 0 1 0 0 0 0 0 0 1 0 0 0 1 -1 0 -1 0 0 0 -1
0 0 -1 0 0 1 1 0 0 0 0 0 0 -1 0 0 -1 -1 0 0 0 0 0 0 1 0 0 0 0
