# (1, 0, 2) permutation of algorithms/grey522-18-99
0 0 0 0 1 0 0 0 0 0 0 0 0 0 1 0 0 0
0 0 0 0 -1 0 0 0 0 0 0 -1 0 -1 0 1 0 0
0 0 -1 0 0 0 0 1 0 0 0 -1 0 -1 1 1 0 0
0 1 0 0 0 1 -1 0 0 0 0 0 -1 0 0 0 0 0
0 0 0 0 0 0 -1 0 0 0 0 0 0 0 0 0 0 1
0 0 0 0 -1 0 0 0 1 0 1 0 0 -1 0 0 0 0
0 0 0 0 1 0 0 0 -1 0 0 1 0 1 0 0 0 0
-1 0 0 0 0 0 0 0 0 0 1 0 0 0 0 0 -1 0
0 0 0 0 0 0 0 0 0 1 0 0 1 0 0 0 0 0
0 1 0 1 0 0 0 0 0 1 0 0 0 0 0 0 0 -1
#
1 0 1 0 0 0 0 0 0 0 1 0 0 0 1 0 0 0
0 0 0 0 1 0 0 -1 0 0 0 1 0 -1 1 0 0 0
1 0 1 0 0 0 0 0 1 0 1 0 0 1 0 1 0 0
0 0 0 0 0 0 0 -1 0 0 0 1 0 0 0 1 0 0
-1 0 -1 0 0 0 0 0 0 0 0 0 0 0 0 0 0 0
0 0 0 0 0 0 0 1 0 0 0 0 0 0 0 0 -1 0
0 1 0 -1 0 0 0 0 0 -1 0 0 1 0 0 0 0 0
0 0 0 0 0 1 0 0 0 0 0 0 1 0 0 0 0 0
0 0 0 1 0 0 0 0 0 0 0 0 0 0 0 0 0 1
0 1 0 0 0 -1 1 0 0 0 0 0 0 0 0 0 0 1
#
0 1 1 1 -1 0 1 0 -1 0 0 0 0 -1 1 0 0 1
0 0 0 0 1 1 -1 1 1 0 0 0 0 1 0 1 0 0
1 0 0 1 0 0 0 0 -1 -1 1 0 0 0 0 0 0 0
0 1 0 0 0 1 0 0 1 1 0 1 1 1 0 1 1 0
