# rank 14 4x2x2 algorithm with 84 nonzeros
0 0 -1 0 0 0 1 -1 1 -1 0 0 0 0
0 -1 0 0 0 0 0 0 0 1 0 0 0 0
1 0 1 0 0 0 0 1 0 0 0 0 0 0
-1 1 0 0 0 0 0 0 -1 0 0 0 0 1
-1 0 -1 0 0 0 0 0 0 0 1 0 0 0
1 -1 0 0 1 1 0 0 1 0 -1 0 -1 0
0 0 0 1 1 0 0 1 0 0 0 -1 0 0
0 0 0 0 0 1 0 0 0 0 0 1 0 0
#
0 0 -1 1 0 0 1 1 0 0 0 0 0 0
1 0 1 0 1 0 0 -1 1 0 1 0 1 1
0 -1 0 1 1 -1 1 0 1 -1 0 1 0 0
0 1 0 0 0 1 0 0 0 0 0 0 1 1
#
0 0 0 0 0 0 1 0 0 -1 0 0 0 0
0 -1 0 0 0 0 0 0 1 -1 0 0 1 1
1 0 0 -1 1 0 1 1 -1 0 1 0 0 0
1 0 0 0 0 0 0 0 0 0 1 0 0 1
0 0 1 -1 1 0 0 1 0 0 1 0 0 0
0 0 0 0 0 0 0 0 0 0 1 0 -1 0
0 0 0 1 0 0 0 0 0 0 0 1 0 0
0 0 0 0 1 1 0 0 0 0 0 1 1 0
