# (0, 2, 1) permutation of grey442-26-1/27
1 0 -1 0 0 -1 0 0 0 0 -1 0 0 -1 -1 0 0 0 0 0 0 0 0 0 0 0
-1 0 -1 -1 0 -1 -1 0 0 -1 0 -1 0 0 0 0 0 0 0 0 -1 0 0 0 0 0
1 1/2 -1 1 0 0 0 1 1 0 0 0 0 0 0 1 0 1 1 0 -1 0 0 1 -1/2 1
-1 -1 -1 -1 0 0 -1 0 -1 -1 0 0 0 0 0 0 0 0 0 0 -1 1 1 1 0 -1
1 1/2 1 1 0 0 0 1 1 0 0 0 0 0 0 0 1 -1 -1 1 1 0 0 -1 1/2 0
-1 0 1 -1 0 0 -1 0 -1 1 0 0 0 0 0 -1 -1 0 0 1 1 0 -1 -1 0 0
1 1/2 -1 1 0 1 0 1 1 0 1 0 -1 0 1 1 0 1 -1 0 -1 0 0 1 -1/2 0
-1 0 -1 -1 -1 1 -1 0 -1 -1 1 0 -1 0 0 0 0 0 0 0 -1 0 -1 1 -1 0
#
1 -1 0 1 0 0 1 1 0 0 0 0 0 0 0 1 1 0 0 1 0 1 0 0 0 1
0 0 1 0 1 0 0 0 0 1 -1 0 -1 0 1 1 1 1 0 1 1 0 0 0 1 0
0 1 -1 0 0 0 0 0 0 -1 0 0 0 0 0 -1 -1 -1 -1 -1 -1 -1 0 0 0 -1
1 0 -1 1 0 0 1 0 0 -1 0 0 0 -1 1 0 0 0 0 0 -1 0 0 0 0 0
0 -1 0 1 0 0 1 1 -1 0 0 0 0 0 0 1 -1 0 0 1 0 1 0 0 0 0
0 0 0 0 -1 1 0 0 0 -1 1 0 0 0 -1 -1 -1 -1 0 1 -1 0 0 1 -1 0
0 0 0 0 0 0 0 0 0 1 0 0 0 0 0 1 1 1 0 -1 1 -1 -1 -1 1 0
0 0 0 0 0 1 1 0 0 1 1 1 0 0 -1 0 0 0 0 0 0 0 0 0 0 0
#
1 0 0 -1 0 0 0 0 -1 0 0 0 0 -1 0 0 0 0 0 0 0 0 0 0 0 0
0 0 0 0 0 -1 0 0 0 0 1 1 1 0 0 0 0 0 0 0 0 0 0 0 0 0
0 0 1 0 0 -1 0 0 0 0 1 1 1 -1 0 0 0 0 0 0 -1 0 0 1 0 0
0 0 0 0 0 0 0 0 0 0 0 -1 0 1 0 0 0 0 0 0 0 0 0 0 0 0
0 1 0 0 0 0 0 1/2 0 0 0 0 0 0 0 0 0 0 -1/2 0 0 0 0 0 0 1
0 1 0 0 0 0 0 0 0 0 0 0 -1 0 0 1/2 0 0 0 1/2 0 -1 0 1 -1 0
0 1 0 0 0 0 0 1/2 0 0 0 0 0 0 0 0 0 0 -1/2 0 0 -1 0 0 0 0
0 0 0 1/2 1 0 -1/2 -1/2 0 -1/2 -1 1 0 -1 -1 0 0 1/2 0 0 1/2 0 0 0 0 0
0 0 0 0 0 0 0 1/2 0 0 0 0 0 0 0 -1/2 1/2 1/2 0 0 0 0 0 0 0 0
0 1 0 0 -1 0 0 0 0 0 0 0 0 0 0 1/2 0 0 0 1/2 0 -1 1 0 1 0
0 1 0 0 -1 0 0 1/2 0 0 0 0 0 0 0 0 0 1/2 0 0 0 -1 1 0 1 0
0 0 0 1/2 0 0 -1/2 -1/2 0 1/2 0 0 0 0 0 0 0 -1/2 0 0 -1/2 0 0 0 0 0
0 -1 0 0 0 0 0 0 1 0 0 0 0 0 0 1/2 -1/2 -1/2 1/2 0 0 0 0 0 0 -1
0 0 0 0 1 0 0 0 0 0 0 0 1 0 0 0 0 0 0 0 0 0 0 0 0 0
0 0 0 0 1 0 0 0 0 0 0 0 0 0 0 0 0 -1/2 1/2 0 0 0 0 0 -1 0
0 0 0 0 -1 0 0 0 0 0 1 0 0 1 1 0 0 0 0 0 0 0 0 0 0 0
