# (0, 0, 0) permutation of grey333-23-221
0 0 0 0 0 0 0 0 1 1 0 1 0 0 0 0 -1 0 -1 0 1 0 0
0 0 0 1 1 0 0 0 -1 -1 0 0 0 1 1 0 1 0 1 0 -1 0 0
0 0 0 0 -1 0 1 0 0 0 0 0 0 -1 -1 0 0 1 0 0 0 1 0
0 0 1 0 0 1 1 1 -1 -1 0 0 -1 0 0 -1 0 0 0 1 0 0 1
1 1 -1 0 0 0 0 0 1 0 0 0 0 0 0 0 0 0 -1 0 0 0 0
0 -1 0 0 0 0 -1 -1 0 1 -1 0 0 0 1 1 0 -1 0 0 0 0 0
0 0 0 0 0 0 -1 -1 1 1 0 0 1 0 0 0 -1 0 0 0 0 0 0
0 -1 0 1 0 0 0 0 -1 0 0 0 0 1 1 1 1 0 1 -1 0 0 -1
0 1 0 0 0 0 1 1 0 -1 0 0 0 -1 -1 -1 0 1 0 0 0 0 1
#
1 0 1 1 0 0 0 0 1 0 0 1 0 0 0 0 -1 0 1 0 0 0 0
1 0 1 0 -1 0 -1 0 1 1 0 1 -1 0 1 -1 0 1 1 0 0 0 0
0 0 0 0 0 1 0 0 0 0 0 1 1 0 0 0 0 0 0 0 0 0 0
1 0 0 1 0 0 0 0 0 0 0 1 0 0 0 0 0 0 1 0 1 0 0
1 1 0 0 -1 0 -1 -1 0 0 0 1 -1 0 1 0 0 1 1 0 1 0 0
0 0 -1 0 0 1 0 0 0 0 0 1 0 0 0 0 0 0 1 -1 1 0 0
0 0 0 1 0 0 1 1 0 0 1 0 1 1 -1 1 0 0 0 1 0 1 1
0 0 0 0 0 0 0 0 0 0 1 0 0 0 0 1 0 1 0 1 0 1 1
0 0 0 0 0 0 1 1 0 0 1 0 1 0 0 0 0 0 0 0 0 1 0
#
-1 0 -1 1 1 0 1 -1 -1 0 0 0 0 0 1 1 1 1 -1 1 -1 -1 0
0 0 0 0 -1 0 -1 1 0 1 0 0 0 0 0 0 0 0 0 0 0 1 0
1 0 1 -1 0 0 0 0 1 -1 0 1 0 0 -1 -1 -1 -1 1 -1 0 1 0
1 -1 0 0 -1 0 0 0 -1 1 0 0 0 -1 -1 0 1 0 0 0 0 0 0
0 1 0 0 1 0 0 0 0 0 0 0 0 1 1 1 0 0 0 0 0 0 1
0 0 1 0 0 1 0 0 1 -1 -1 0 0 0 0 -1 -1 0 0 0 0 0 -1
1 0 1 0 -1 0 -1 1 1 0 0 0 0 -1 -1 -1 0 -1 1 -1 1 1 0
0 0 0 0 1 0 1 -1 0 0 0 0 0 1 1 1 0 1 0 0 0 -1 1
0 0 0 0 0 1 1 0 0 0 -1 0 1 0 0 0 0 1 0 1 0 -1 -1
