# Eliminated version of grey323-15-103
0 0 0 0 0 0 0 0 0 -1 0 0 0 0 0
0 0 0 0 1 0 0 0 0 1 0 0 1 0 0
0 0 0 0 0 1 0 0 0 0 0 0 0 0 0
0 0 0 0 0 0 1 1 0 0 0 0 0 0 0
0 0 0 0 0 0 0 0 1 0 0 1 0 0 0
1 1 0 1 0 0 -1 0 0 0 1 -1 0 0 0
1 0 0 0 0 0 0 0 0 0 0 0 0 0 -1
0 1 1 0 1 0 0 0 1 0 0 0 0 0 1
0 0 0 1 0 0 -1 0 0 0 0 0 0 1 0
#
0 0 0 0 1 1 0 0 0 -1 0 0 1 1 0
0 0 0 0 0 0 0 0 1 -1 0 0 0 0 0
0 1 0 0 0 0 0 0 1 0 1 1 0 0 0
0 0 0 0 0 0 1 1 0 0 0 0 1 0 0
1 -1 0 0 0 0 0 0 0 0 0 0 0 0 1
1 0 0 1 0 0 -1 0 0 0 1 0 0 -1 0
0 0 1 0 -1 0 0 0 0 0 0 0 -1 0 0
0 0 0 1 0 0 0 0 0 0 0 0 0 -1 0
#
0 0 0 0 0 1 0 0 0 0 0 0 1 0 0 1 0 0 0
0 0 0 0 0 0 0 0 0 0 0 0 0 0 0 -1 1 0 0
-1 -1 0 0 0 0 0 0 0 0 1 0 0 0 -1 0 0 1 1
0 0 0 0 0 1 0 1 0 0 0 0 0 0 0 0 0 0 0
0 0 0 0 1 0 0 0 0 0 0 0 0 0 -1 0 1 0 0
0 0 0 0 0 0 0 0 0 0 0 0 0 0 0 0 0 1 1
0 0 0 -1 0 1 0 0 0 0 1 0 0 -1 0 0 0 0 0
0 -1 1 0 0 0 0 0 1 0 0 -1 0 0 0 0 0 0 0
0 0 0 0 0 0 0 0 0 0 1 1 0 0 0 0 0 0 0
# Substitution information
0 -1 0 1 0 0
-1 0 1 0 0 0
0 0 1 0 -1 0
#
0 -1 0 0 -1 0
0 0 1 -1 0 0
#
0 0 -1 0 -1 0 0 0 0 0 0 0 0 0 0
0 0 0 0 0 -1 0 0 0 1 0 0 0 0 0
0 0 0 1 0 0 -1 0 0 0 0 0 0 0 0
0 0 0 0 0 0 0 1 0 0 0 1 0 0 0
