# (0, 0, 0) permutation of algorithms/grey333-23-144
-1 -1 0 0 0 0 0 0 0 0 1 0 0 0 0 0 1 -1 0 1 -1 -1 0
0 1 1 0 0 0 0 0 0 -1 0 -1 0 0 0 0 0 0 1 0 0 0 0
0 0 -1 0 0 1 0 0 0 0 0 1 0 0 0 0 0 0 -1 0 0 1 0
0 0 0 1 0 0 1 0 -1 0 0 0 0 0 0 0 0 0 0 0 1 0 -1
1 0 0 -1 0 0 0 0 0 0 0 0 0 0 0 0 0 0 -1 0 0 0 0
0 0 1 0 0 -1 -1 1 0 0 -1 0 -1 0 0 0 0 0 1 0 0 0 0
0 0 0 -1 -1 0 0 0 1 0 0 0 0 0 0 1 0 0 0 -1 0 0 1
0 0 0 1 0 0 0 0 -1 1 0 0 0 -1 1 -1 0 1 0 0 0 0 0
0 0 0 0 1 0 0 0 0 0 0 0 1 0 -1 0 0 0 0 0 0 0 0
#
0 0 0 0 0 0 1 1 -1 0 1 0 0 1 0 1 0 1 0 1 -1 0 0
0 0 0 0 0 0 0 0 0 0 0 0 0 0 0 0 1 0 0 -1 1 0 0
0 0 0 0 0 0 1 1 0 0 1 0 0 0 0 0 0 0 0 0 -1 0 1
0 0 1 0 0 1 0 0 0 -1 0 0 0 1 0 0 0 0 1 0 0 0 0
1 1 0 0 0 0 0 0 0 1 0 0 0 0 0 0 1 1 0 0 0 0 0
0 0 1 1 0 1 0 0 1 0 0 0 0 0 0 0 0 0 1 0 0 0 1
0 0 1 0 0 1 0 0 0 -1 0 -1 0 1 -1 0 0 0 0 0 0 0 0
0 0 0 0 1 -1 0 0 0 0 1 0 0 0 0 0 1 0 0 -1 0 1 0
0 0 0 0 0 1 0 1 0 0 0 0 1 0 0 0 0 0 0 0 0 0 0
#
0 1 0 0 0 0 0 0 0 1 0 -1 0 -1 0 0 0 -1 0 0 0 0 0
0 1 0 0 0 0 0 0 0 0 0 0 0 0 0 0 1 0 0 0 0 1 0
0 -1 1 0 0 1 0 1 0 -1 1 0 0 1 0 0 0 1 0 0 0 1 0
0 0 1 1 0 0 0 0 1 0 0 -1 0 0 0 1 0 0 -1 0 0 0 0
1 0 0 0 0 0 1 0 0 0 -1 0 0 0 0 0 1 0 0 0 1 0 0
0 0 0 -1 0 0 1 1 -1 0 0 0 0 0 0 -1 0 0 0 0 0 0 0
0 0 0 0 0 0 0 0 0 0 0 0 0 -1 1 1 0 0 0 0 0 0 0
0 0 0 0 1 0 0 0 0 0 0 0 0 0 0 1 1 1 0 1 0 0 0
0 0 0 0 0 0 1 1 -1 0 0 0 1 0 0 -1 0 0 0 0 0 0 1
