# Madan's 2x3x3 rank 11 solution with 48 nonzeros
1   1   0   0   0   0   0   0   0   0   0
0   0   1   1   0   0   0   0   0   0   0
0   0  -1   0   1   1   1   0   0   0   0
0   0   0   0   0   0   0   1   1   0   0
0   0   0  -1  -1   0   0   0   0   1  -1
0   0   0   0   0  -1   0   0   0  -1   0
# 
1   0   0   0   0   0   0   1   0   0   0
0   1   0   0   0   0   0   0   1   0   0
0   0   1  -1  -1   0  -1   0   0   0   0
0   0   0  -1   0   0   0   0   0   0   1
0   0   0   0   0   1  -1   0   0   0   0
0   0   0   0   1   1   0   0   0   1   1
# 
1   0   1   0   0   0  -1   0   0   0   0
0   1  -1  -1   1   0   0   0   0   0  -1
0   0   0   0   1  -1  -1   1   0   1   0
0   0   0   0   0   0   0   0   1  -1  -1
