# generated from Schonhage's 1981 paper 
     1     1     1     0     0     0     0     0     0     1     1     1     0     0     0     0     0     0     1     0     0
     e2     0     0     e2     0     0     e2     0     0     0     0     0     0     0     0     0     0     0     0     0     0
     0     0     0     0     0     0     0     0     0     e2     0     0     e2     0     0     e2     0     0     0     0     0
     0     0     0     1     1     1     0     0     0     0     0     0     1     1     1     0     0     0     0     1     0
     0     e2     0     0     e2     0     0     e2     0     0     0     0     0     0     0     0     0     0     0     0     0
     0     0     0     0     0     0     0     0     0     0     e2     0     0     e2     0     0     e2     0     0     0     0
     0     0     0     0     0     0     1     1     1     0     0     0     0     0     0     1     1     1     0     0     1
     0     0     e2     0     0     e2     0     0     e2     0     0     0     0     0     0     0     0     0     0     0     0
     0     0     0     0     0     0     0     0     0     0     0     e2     0     0     e2     0     0     e2     0     0     0
#
     e2     0     0    -e     0     0    -e     0     0     0     0     0     e     0     0     e     0     0     0     0     0
     0    -e     0     0     e2     0     0    -e     0     0     e     0     0     0     0     0     e     0     0     0     0
     0     0    -e     0     0    -e     0     0     e2     0     0     e     0     0     e     0     0     0     0     0     0
     1     1     1     0     0     0     0     0     0     0     0     0     0     0     0     0     0     0     1     0     0
     0     0     0     1     1     1     0     0     0     0     0     0     0     0     0     0     0     0     0     1     0
     0     0     0     0     0     0     1     1     1     0     0     0     0     0     0     0     0     0     0     0     1
     0     0     0     0     0     0     0     0     0     1     1     1     0     0     0     0     0     0     1     0     0
     0     0     0     0     0     0     0     0     0     0     0     0     1     1     1     0     0     0     0     1     0
     0     0     0     0     0     0     0     0     0     0     0     0     0     0     0     1     1     1     0     0     1
#
     e2i     0     0     0     0     0     0     0     0     e2i     0     0     0     0     0     0     0     0    -e2i     0     0
     0     0     0     e2i     0     0     0     0     0    -ei     ei     0     e2i     0     0     0     0     0     0    -e2i     0
     0     0     0     0     0     0     e2i     0     0    -ei     0     ei     0     0     0     e2i     0     0     0     0    -e2i
     0     e2i     0     0     0     0     0     0     0     0     e2i     0     ei    -ei     0     0     0     0    -e2i     0     0
     0     0     0     0     e2i     0     0     0     0     0     0     0     0     e2i     0     0     0     0     0    -e2i     0
     0     0     0     0     0     0     0     e2i     0     0     0     0     0    -ei     ei     0     e2i     0     0     0    -e2i
     0     0     e2i     0     0     0     0     0     0     0     0     e2i     0     0     0     ei     0    -ei    -e2i     0     0
     0     0     0     0     0     e2i     0     0     0     0     0     0     0     0     e2i     0     ei    -ei     0    -e2i     0
     0     0     0     0     0     0     0     0     e2i     0     0     0     0     0     0     0     0     e2i     0     0    -e2i
