# Smirnov's APA algorithm for rank 22 2x7x2; error params: sigma = 1, phi = 5
1 1/8 0 1 0 0 -1 0 1 0 0 0 0 0 0 0 0 0 0 0 0 0
-1/50x -1/50x 0 1/50x 0 0 0 0 0 0 1/30x 0 0 0 0 0 0 0 0 0 0 0
x2i 1/8x2i x2i x2i 0 -1/8x2i -x2i -x2i x2i 1/8 0 0 0 0 0 0 0 0 0 0 0 0
0 0 0 0 0 x2i 0 0 0 -1 -x2i 0 0 0 0 0 0 0 0 0 0 0
0 0 0 0 0 0 0 0 0 0 0 x2i x2i x2i -x2i x2i -1/8x2i x2i x2i x2i -1/16 0
0 0 0 0 0 0 0 0 0 0 0 -7/25x 0 -103/300x 0 1/50x 61/800x 3/100x 19/300x -29/100x 0 0
0 0 0 0 0 0 0 0 0 0 0 0 0 0 0 0 0 1 0 1 0 0
0 0 0 0 0 0 1 0 1 0 0 0 0 0 0 0 0 0 0 0 0 0
-7/25x 0 -103/300x 0 1/50x 61/800x 3/100x 19/300x -29/100x 0 0 0 0 0 0 0 0 0 0 0 0 0
x2i x2i x2i -x2i x2i -1/8x2i x2i x2i x2i -1/16 0 0 0 0 0 0 0 0 0 0 0 0
0 0 0 0 0 0 0 0 0 0 0 0 0 0 0 0 x2i 0 0 0 -1 -x2i
0 0 0 0 0 0 0 0 0 0 0 x2i 1/8x2i x2i x2i 0 -1/8x2i -x2i -x2i x2i 1/8 0
0 0 0 0 0 0 0 0 0 0 0 -1/50x -1/50x 0 1/50x 0 0 0 0 0 0 1/30x
0 0 0 0 0 0 0 0 0 0 0 1 1/8 0 1 0 0 -1 0 1 0 0
#
x2 0 -x2 0 0 0 0 0 x2 0 0 0 0 0 0 0 0 0 0 0 0 0
8/21 128/189 -1/3 8/27 -1 0 1/3 -1/3 1/3 0 0 0 0 0 0 0 0 0 0 0 0 0
25/7x 3200/63x 0 -25/9x -75x 0 0 0 0 0 0 0 0 0 0 0 0 0 0 0 0 0
0 0 5/4xi 0 75/32xi 5xi 0 5/4xi 0 5x3i 30xi 0 0 0 0 0 0 0 0 0 0 0
-47/112x4 8/7x4 25/16x4 0 0 0 -7/16x4 0 0 0 0 0 0 0 0 0 0 0 0 0 0 0
0 0 1/3x2 0 x2 0 0 1/3x2 0 0 0 0 0 0 0 0 0 0 0 0 0 0
0 0 1/8x4 0 0 x4 0 0 0 0 0 0 0 0 0 0 0 0 0 0 0 -x2
0 0 0 0 0 0 0 0 0 0 -x2 0 0 1/8x4 0 0 x4 0 0 0 0 0
0 0 0 0 0 0 0 0 0 0 0 0 0 1/3x2 0 x2 0 0 1/3x2 0 0 0
0 0 0 0 0 0 0 0 0 0 0 -47/112x4 8/7x4 25/16x4 0 0 0 -7/16x4 0 0 0 0
0 0 0 0 0 0 0 0 0 0 0 0 0 5/4xi 0 75/32xi 5xi 0 5/4xi 0 5x3i 30xi
0 0 0 0 0 0 0 0 0 0 0 25/7x 3200/63x 0 -25/9x -75x 0 0 0 0 0 0
0 0 0 0 0 0 0 0 0 0 0 8/21 128/189 -1/3 8/27 -1 0 1/3 -1/3 1/3 0 0
0 0 0 0 0 0 0 0 0 0 0 x2 0 -x2 0 0 0 0 0 x2 0 0
#
x2i -x2i x2i -x2i -2/3x2i x2i 0 x2i 0 x2i 0 0 21/16 0 3 1 5/2 3 0 0 5/2 0
1/2 13/16 1/2 5/2 2/3 1 0 -5/2 0 -5 1 -x2i 1/8x2i 0 -x2i 0 0 -x2i 0 x2i 0 0
-x2i 1/8x2i 0 -x2i 0 0 -x2i 0 x2i 0 0 1/2 13/16 1/2 5/2 2/3 1 0 -5/2 0 -5 1
0 21/16 0 3 1 5/2 3 0 0 5/2 0 x2i -x2i x2i -x2i -2/3x2i x2i 0 x2i 0 x2i 0
