# Smirnov's rank 40 algorithm for 3x3x6
1 1 -1 -1 1 -1 -1 1 -1 -1 1 1 -1 -1 -1 1 0 1 0 0 -1 -1 0 0 -1 0 1 -1 1 0 0 1 1 1 0 1 0 0 0 -1
0 0 0 0 0 0 0 0 0 0 0 0 0 0 0 0 0 1 0 1 0 0 0 0 1 -1 0 0 0 0 0 0 -1 0 1 1 0 0 -1 0
1 -1 -1 1 1 1 -1 1 1 -1 1 1 1 1 1 -1 0 0 0 1 1 -1 0 0 0 1 1 -1 -1 0 0 -1 0 -1 -1 0 0 0 -1 -1
0 0 0 0 0 0 0 0 0 0 0 0 0 0 0 0 -1 0 -1 0 1 -1 0 0 0 0 0 0 0 0 0 0 0 1 0 0 -1 -1 0 1
1 1 1 -1 1 1 1 1 1 1 -1 1 -1 1 1 1 -1 0 1 1 0 0 -1 -1 0 1 0 0 0 1 -1 0 0 0 1 0 1 -1 1 0
1 -1 -1 -1 -1 -1 1 -1 -1 1 1 1 1 1 1 1 0 0 0 1 -1 -1 1 -1 0 -1 0 0 0 -1 -1 0 0 -1 -1 0 0 0 1 1
-1 -1 1 1 -1 -1 -1 1 1 1 1 1 -1 -1 1 1 -1 -1 -1 0 0 0 0 0 1 0 -1 -1 1 0 0 -1 1 0 0 1 1 1 0 0
1 1 1 1 -1 1 1 1 -1 -1 1 -1 1 -1 1 1 -1 -1 1 0 0 0 -1 -1 -1 0 0 0 0 -1 1 0 -1 0 0 1 -1 1 0 0
0 0 0 0 0 0 0 0 0 0 0 0 0 0 0 0 0 0 0 0 0 0 1 -1 0 0 -1 -1 -1 1 1 1 0 0 0 0 0 0 0 0
#
0 0 -1 0 0 -1 -1 0 -1 -1 -1 0 0 1 1 0 -1 -1 -1 1 1 1 0 0 1 -1 0 0 0 0 0 0 -1 1 -1 -1 -1 1 1 -1
-1/8 0 0 -1/8 0 -1/8 0 1/8 0 1/8 1/8 0 -1/8 0 1/8 0 -1/8 0 -1/8 0 1/8 -1/8 0 0 0 0 0 0 0 0 0 0 0 1/8 0 0 1/8 -1/8 0 1/8
0 -1/8 1/8 0 -1/8 0 1/8 0 -1/8 0 0 -1/8 0 1/8 0 1/8 1/8 0 1/8 0 1/8 -1/8 0 0 0 0 0 0 0 0 0 0 0 1/8 0 0 -1/8 1/8 0 1/8
0 -1/8 0 0 1/8 1/8 0 0 0 -1/8 1/8 -1/8 0 0 1/8 -1/8 -1/8 0 1/8 0 -1/8 -1/8 1/8 1/8 0 0 1/8 1/8 1/8 1/8 1/8 1/8 0 1/8 0 0 -1/8 -1/8 0 -1/8
1 -1 0 -1 1 0 0 -1 0 0 0 1 -1 0 0 1 1 -1 1 1 1 1 0 0 1 -1 0 0 0 0 0 0 -1 1 -1 -1 1 -1 1 -1
1/8 0 -1/8 -1/8 0 0 1/8 1/8 -1/8 0 0 0 1/8 -1/8 0 0 -1/8 0 1/8 0 1/8 1/8 1/8 1/8 0 0 1/8 1/8 1/8 1/8 1/8 1/8 0 -1/8 0 0 -1/8 -1/8 0 1/8
0 0 -1 0 0 1 1 0 1 1 -1 0 0 1 1 0 -1 -1 1 1 -1 1 0 0 -1 1 0 0 0 0 0 0 1 1 -1 -1 1 1 -1 1
0 1/8 1/8 0 -1/8 0 -1/8 0 1/8 0 0 1/8 0 1/8 0 1/8 0 1/8 0 1/8 0 0 -1/8 -1/8 -1/8 1/8 -1/8 -1/8 -1/8 -1/8 -1/8 -1/8 -1/8 0 1/8 -1/8 0 0 1/8 0
1/8 0 0 -1/8 0 1/8 0 1/8 0 -1/8 1/8 0 1/8 0 1/8 0 0 -1/8 0 1/8 0 0 1/8 1/8 1/8 1/8 1/8 1/8 1/8 1/8 1/8 1/8 1/8 0 1/8 1/8 0 0 1/8 0
1/8 0 1/8 1/8 0 0 1/8 -1/8 -1/8 0 0 0 1/8 1/8 0 0 0 1/8 0 1/8 0 0 0 0 1/8 -1/8 0 0 0 0 0 0 1/8 0 1/8 -1/8 0 0 -1/8 0
-1 1 0 -1 1 0 0 -1 0 0 0 -1 1 0 0 1 1 -1 -1 -1 1 -1 0 0 -1 -1 0 0 0 0 0 0 1 -1 1 -1 -1 -1 1 -1
0 -1/8 0 0 -1/8 1/8 0 0 0 -1/8 -1/8 -1/8 0 0 -1/8 1/8 0 1/8 0 -1/8 0 0 0 0 1/8 1/8 0 0 0 0 0 0 1/8 0 -1/8 -1/8 0 0 1/8 0
-1 -1 0 -1 -1 0 0 1 0 0 0 -1 -1 0 0 1 0 0 0 0 0 0 1 -1 0 0 -1 1 -1 -1 1 1 0 0 0 0 0 0 0 0
0 -1/8 -1/8 0 1/8 0 -1/8 0 -1/8 0 0 1/8 0 1/8 0 1/8 0 -1/8 0 1/8 0 0 1/8 -1/8 1/8 -1/8 1/8 -1/8 -1/8 1/8 -1/8 1/8 -1/8 0 -1/8 -1/8 0 0 1/8 0
1/8 0 0 -1/8 0 -1/8 0 -1/8 0 -1/8 -1/8 0 -1/8 0 1/8 0 0 -1/8 0 1/8 0 0 -1/8 1/8 1/8 -1/8 1/8 -1/8 -1/8 -1/8 1/8 1/8 -1/8 0 -1/8 -1/8 0 0 1/8 0
0 1/8 0 0 1/8 -1/8 0 0 0 -1/8 1/8 -1/8 0 0 -1/8 1/8 1/8 0 -1/8 0 1/8 -1/8 -1/8 -1/8 0 0 1/8 1/8 -1/8 1/8 1/8 -1/8 0 -1/8 0 0 -1/8 -1/8 0 -1/8
0 0 1 0 0 -1 1 0 -1 1 1 0 0 1 1 0 0 0 0 0 0 0 -1 1 0 0 -1 1 -1 1 -1 1 0 0 0 0 0 0 0 0
1/8 0 -1/8 1/8 0 0 1/8 1/8 1/8 0 0 0 -1/8 1/8 0 0 -1/8 0 1/8 0 -1/8 1/8 1/8 1/8 0 0 1/8 1/8 -1/8 -1/8 -1/8 -1/8 0 1/8 0 0 1/8 1/8 0 1/8
#
-1/8 1/8 0 -1/8 -1/8 0 0 1/8 0 0 0 -1/8 -1/8 0 0 -1/8 -1/8 -1/8 1/8 1/8 -1/8 -1/8 0 0 -1/8 -1/8 0 0 0 0 0 0 -1/8 1/8 -1/8 -1/8 1/8 1/8 1/8 1/8
-1 0 0 1 0 1 0 1 0 -1 1 0 1 0 -1 0 0 1 0 1 0 0 1 -1 -1 -1 1 1 1 1 1 -1 1 0 1 -1 0 0 -1 0
0 -1 -1 0 -1 0 -1 0 1 0 0 -1 0 -1 0 1 0 -1 0 1 0 0 1 -1 1 -1 1 1 1 1 1 -1 -1 0 1 1 0 0 -1 0
0 -1 0 0 1 -1 0 0 0 1 1 -1 0 0 -1 -1 0 1 0 1 0 0 0 0 1 1 0 0 0 0 0 0 -1 0 1 -1 0 0 1 0
0 0 -1/8 0 0 -1/8 -1/8 0 -1/8 -1/8 1/8 0 0 1/8 1/8 0 -1/8 -1/8 1/8 -1/8 -1/8 -1/8 0 0 -1/8 1/8 0 0 0 0 0 0 -1/8 1/8 1/8 -1/8 1/8 1/8 -1/8 1/8
1 0 1 1 0 0 -1 1 1 0 0 0 -1 1 0 0 0 1 0 -1 0 0 0 0 1 -1 0 0 0 0 0 0 -1 0 -1 -1 0 0 -1 0
-1/8 1/8 0 1/8 1/8 0 0 -1/8 0 0 0 -1/8 -1/8 0 0 1/8 1/8 1/8 1/8 1/8 1/8 -1/8 0 0 -1/8 1/8 0 0 0 0 0 0 -1/8 1/8 -1/8 1/8 1/8 -1/8 -1/8 -1/8
0 1 1 0 -1 0 -1 0 1 0 0 1 0 1 0 1 1 0 1 0 1 1 0 0 0 0 0 0 0 0 0 0 0 1 0 0 -1 1 0 1
1 0 0 1 0 1 0 1 0 -1 -1 0 -1 0 1 0 -1 0 -1 0 1 1 0 0 0 0 0 0 0 0 0 0 0 1 0 0 1 -1 0 1
1 0 1 -1 0 0 1 -1 -1 0 0 0 -1 1 0 0 1 0 -1 0 -1 1 -1 1 0 0 -1 -1 -1 -1 -1 1 0 1 0 0 1 1 0 -1
0 0 -1/8 0 0 1/8 1/8 0 1/8 1/8 1/8 0 0 1/8 1/8 0 -1/8 -1/8 -1/8 -1/8 1/8 -1/8 0 0 1/8 -1/8 0 0 0 0 0 0 1/8 1/8 1/8 -1/8 -1/8 1/8 1/8 -1/8
0 -1 0 0 -1 1 0 0 0 -1 1 -1 0 0 -1 1 1 0 -1 0 1 -1 1 -1 0 0 1 1 1 1 1 -1 0 -1 0 0 1 1 0 1
0 0 -1/8 0 0 1/8 1/8 0 -1/8 -1/8 -1/8 0 0 -1/8 1/8 0 0 0 0 0 0 0 1/8 1/8 0 0 1/8 -1/8 1/8 -1/8 1/8 1/8 0 0 0 0 0 0 0 0
1 0 0 -1 0 1 0 1 0 1 1 0 1 0 1 0 0 -1 0 -1 0 0 1 1 1 -1 -1 1 1 1 -1 1 1 0 1 -1 0 0 1 0
0 1 1 0 1 0 -1 0 -1 0 0 -1 0 -1 0 1 0 1 0 1 0 0 -1 -1 -1 1 -1 1 1 -1 1 1 -1 0 -1 1 0 0 -1 0
1 0 1 1 0 0 1 -1 1 0 0 0 1 -1 0 0 1 0 -1 0 1 1 -1 1 0 0 -1 -1 1 1 1 -1 0 -1 0 0 -1 -1 0 -1
-1/8 1/8 0 -1/8 -1/8 0 0 -1/8 0 0 0 1/8 1/8 0 0 1/8 0 0 0 0 0 0 -1/8 -1/8 0 0 1/8 -1/8 1/8 1/8 -1/8 1/8 0 0 0 0 0 0 0 0
0 -1 0 0 1 1 0 0 0 1 -1 1 0 0 -1 1 1 0 -1 0 1 1 1 -1 0 0 -1 -1 1 -1 -1 -1 0 -1 0 0 -1 -1 0 -1
