# (2, 0, 1) permutation of algorithms/smirnov334-27-202-approx
0 -x2 0 0 0 x2 0 0 0 0 0 0 0 0 -x2 0 0 0 0 0 0 0 0 0 x2 0 0
-x2 x 0 -x2 0 0 0 x2 0 0 0 -x 0 0 0 x 0 x 0 0 0 0 0 0 0 0 0
x2 -1 x2 x2 0 0 0 -x2 0 0 0 1 0 0 0 0 0 0 0 0 0 0 0 0 0 1 0
0 0 0 0 0 0 1 0 -1 0 0 0 0 -1 1 0 0 -xi 0 0 0 xi 0 0 0 0 0
0 xi 0 x2 xi 0 0 0 0 xi 0 -xi -x2 0 xi xi 0 xi 0 0 0 0 -xi xi 0 0 0
0 0 0 0 0 0 -xi 0 xi 0 0 0 xi xi 0 0 xi 0 0 -xi 0 0 0 0 0 0 0
0 0 0 0 0 -1 0 0 0 -1 0 1 0 0 -1 0 1 -1 0 0 0 0 0 0 0 0 0
0 0 0 -x 0 0 0 xi 0 0 0 0 0 0 0 0 0 0 0 0 0 0 xi 0 0 0 0
1 0 1 1 -x 0 0 -1 0 0 0 0 0 0 0 0 0 0 xi 0 1 0 x 0 0 0 0
0 0 0 0 0 1 0 0 -xi 0 xi 0 0 0 0 0 -1 0 -x2 0 0 0 0 0 0 0 0
0 0 0 0 0 0 0 0 xi 0 0 0 0 0 0 0 xi 0 xi 0 1 0 0 0 xi 0 xi
x2 0 x2 x2 0 0 0 -x2 0 0 0 0 x x2 0 0 0 0 0 0 x2 0 0 0 0 0 0
#
0 0 0 0 0 -xi xi 0 xi 0 xi 0 0 0 0 0 -xi 0 0 -xi 0 0 0 0 xi 0 -xi
0 0 0 0 x 0 0 0 0 -xi x2 0 0 0 xi 0 0 0 0 0 0 1 0 0 0 0 0
0 xi 0 0 0 x 0 0 0 0 0 xi 0 0 0 xi 0 xi 0 0 0 xi 0 0 0 -xi 0
-xi 0 xi xi xi 0 0 xi 0 0 0 0 0 0 0 0 0 0 x2 0 0 0 xi 0 0 0 0
0 0 0 0 0 0 x2 0 x2 1 x2 0 0 0 0 0 0 1 0 0 0 1 x2 0 0 0 0
1 0 -1 -1 xi x2 0 0 0 0 0 0 0 0 0 1 x2 0 0 x2 0 0 0 xi 0 0 0
0 0 xi -x 0 0 -1 0 -1 0 -1 0 0 0 0 0 0 0 -1 0 xi 0 0 0 0 0 1
x -x -x -x 0 0 xi 0 0 0 0 0 0 xi 0 -x 0 0 0 0 0 0 0 0 0 x 0
0 x 0 x 0 0 0 0 0 0 0 0 xi 0 0 x 0 0 0 1 0 0 0 0 0 0 0
#
xi 0 xi 0 0 0 0 0 0 0 0 0 0 0 0 0 0 0 0 0 -xi 0 0 0 xi 0 xi
0 0 0 0 0 0 0 0 0 -xi 0 xi 0 0 -xi 0 0 xi 0 0 0 xi 0 0 0 xi 0
0 -xi 0 0 0 0 0 0 0 0 0 0 0 0 0 xi 0 0 0 0 0 0 0 -1 0 xi 0
0 0 0 0 x2 0 x 0 0 0 0 0 x2 x 0 0 0 0 0 x 0 0 0 -x2 0 0 0
0 0 0 0 0 0 0 0 0 x 0 0 0 x2 x 0 0 0 0 0 0 0 0 0 0 0 0
0 0 0 0 0 0 0 0 0 0 0 0 x2 0 0 0 0 0 0 0 0 x2 0 x2 0 0 0
x 0 x 0 0 x 0 x2 0 0 x2 0 0 0 0 0 0 0 0 0 0 0 0 0 0 0 0
xi 0 0 0 xi 0 0 -xi 0 x 0 0 0 0 0 0 0 0 0 0 0 0 xi -xi 0 0 0
xi x x xi -x2 0 0 x 0 0 0 x 0 0 0 0 0 0 0 0 0 0 0 x2 0 0 0
x 0 0 0 0 0 0 0 0 0 x2 0 0 0 0 0 0 0 xi 0 xi 0 0 0 0 0 0
0 0 0 0 0 0 xi 0 xi 0 xi 0 0 xi 0 0 0 0 0 0 0 0 0 0 0 0 xi
0 x 0 0 0 xi 0 0 0 0 0 x 1 0 0 0 xi 0 0 xi 0 0 0 0 xi 0 0
