# Smirnov's APA algorithm for rank 90 5x5x5;
0 0 0 0 0 0 0 1/2 0 0 0 0 0 0 0 0 0 0 0 0 0 -1 0 0 0 0 0 0 0 0 0 0 0 0 0 0 0 0 0 0 0 0 0 1/2 0 0 0 0 0 0 0 0 0 1 0 1 1 0 0 0 0 0 0 0 0 0 0 0 -1 0 0 0 0 0 0 0 0 0 0 0 0 0 0 0 0 1 0 0 0 0 
0 0 0 0 0 0 0 -1/2x2 0 0 0 0 0 0 0 0 0 0 0 0 0 x2 -x2 0 0 0 0 0 0 0 0 0 0 0 0 0 0 0 0 0 0 0 0 -1/2x2 0 0 0 0 0 0 0 0 0 0 0 0 0 x2 0 0 0 0 0 0 0 0 0 0 0 0 0 0 0 0 0 x2 0 0 0 0 0 0 0 -x2 0 0 x2 0 0 0 
0 0 0 -x2 0 0 0 0 0 0 -1/5x 0 -1/5x -x2 0 -1/5x -1/5x 0 0 -1/5x 0 0 0 0 x2 -x2 0 0 0 0 x2 0 0 x2 0 0 0 0 0 0 0 0 0 0 -x2 (1/5x+-x2) 0 0 0 0 0 0 0 0 0 0 0 -xi 0 0 xi 1 0 x2 0 0 0 0 0 0 0 0 0 0 x2 0 0 0 0 0 0 0 xi 0 0 0 0 0 0 0 
4x2 0 0 0 0 0 0 1/20x 0 0 0 0 0 0 0 0 0 0 0 0 0 0 0 xi 0 0 0 0 0 -1/5x 0 0 0 0 0 xi 0 0 0 0 0 0 -xi 0 0 0 0 0 0 0 2x xi 0 0 0 0 0 0 0 0 0 0 0 0 0 0 0 0 0 xi 0 0 0 0 0 0 0 0 0 0 0 0 0 0 0 0 0 0 0 0 
0 0 0 0 0 0 0 0 -xi 0 0 0 0 0 0 0 0 0 0 0 xi 0 0 0 0 0 0 0 0 0 0 0 -xi 0 0 0 0 0 0 0 0 0 0 0 0 0 0 0 0 0 0 0 0 0 0 0 0 0 0 0 0 0 0 0 0 0 0 0 0 -xi 0 0 0 0 0 -x2 0 0 0 0 0 0 0 0 0 0 0 x2 0 0 
0 -xi -xi 0 0 0 0 1/4xi 0 0 0 0 0 0 0 0 0 0 0 0 0 0 0 0 0 0 0 0 0 -xi 0 0 0 0 0 0 0 0 0 0 xi 0 0 0 0 0 0 0 0 0 0 0 0 0 0 0 0 0 0 0 0 0 0 0 xi xi 0 0 0 0 0 0 0 0 0 0 0 0 xi 0 0 xi 0 0 xi 0 0 0 0 0 
0 -x2 -x2 x2 0 0 0 0 0 0 0 0 0 x2 0 0 0 0 0 0 0 0 0 0 0 0 0 0 0 0 0 0 0 -x2 0 0 0 0 0 0 x2 0 0 0 x2 0 0 0 0 0 0 0 0 0 0 0 0 0 0 0 0 0 0 0 x2 0 0 0 0 0 0 xi -xi 0 0 0 0 0 0 0 xi 0 0 0 0 0 xi 0 0 0 
0 0 0 0 -1/5 1/5 0 0 0 0 0 1/5 0 0 0 3/5x 0 0 -xi 0 0 0 0 0 0 xi 0 0 0 0 -xi 0 0 0 0 -1/5 0 0 xi 0 0 -xi 0 0 0 -1/5 0 0 0 0 0 0 0 0 0 0 0 0 0 0 0 0 1/5 0 0 0 0 0 0 0 0 0 0 0 0 0 0 0 0 0 0 0 0 0 0 0 0 0 0 0 
0 -1/5x -1/5x 0 -xi xi 0 0 0 0 0 xi 0 0 0 -1 0 0 0 0 0 0 0 0 0 0 0 0 0 0 0 0 0 0 0 -xi 0 0 0 0 1/5x 0 0 0 0 -xi 0 0 0 0 0 0 0 0 0 0 0 0 0 0 0 0 xi 0 1/5x 0 0 0 0 0 0 0 0 0 0 0 0 0 1/5x 0 0 0 0 0 0 0 0 0 0 0 
0 x2 x2 0 0 0 0 0 0 0 xi 0 xi 0 0 xi xi 0 0 xi 0 0 xi 0 0 0 0 0 0 0 0 0 0 0 0 0 0 0 0 0 -x2 0 0 0 0 -xi -xi 0 0 0 0 0 0 0 0 0 0 0 0 0 0 0 0 0 -x2 0 0 0 0 -xi 0 0 0 0 0 0 0 0 0 0 0 0 0 0 0 0 -xi 0 0 0 
0 0 0 0 0 0 0 x2 0 0 0 0 0 -xi 0 0 0 0 0 0 0 0 0 0 0 0 0 0 0 0 0 0 0 0 0 0 0 0 0 xi 0 xi 0 0 0 0 0 0 0 xi 0 0 0 0 0 0 0 0 xi 0 0 0 0 0 0 0 0 0 0 0 0 0 0 xi 0 0 0 0 0 0 0 0 0 0 xi 0 0 0 0 0 
0 0 0 x2 0 0 0 -1/8 0 0 0 0 0 x2 0 0 0 0 0 0 0 0 0 0 0 0 0 0 0 1/2 0 0 0 0 0 0 0 0 0 0 0 x2 0 0 0 0 0 0 0 0 -5 0 0 0 0 0 10 0 0 0 0 -1 0 0 0 0 10 0 0 0 0 0 0 0 0 10 0 0 0 0 0 0 0 0 0 0 0 0 0 0
0 0 0 0 0 4/5x 0 0 0 0 0 0 0 xi 0 -4/5x2 0 0 x2 0 0 0 0 0 xi -x2 0 0 0 0 0 0 0 0 0 0 0 0 0 0 0 0 0 0 0 -4/5x 0 xi 0 0 0 0 0 0 0 0 0 0 0 0 0 0 0 0 0 0 0 0 0 0 0 0 0 0 0 0 0 0 0 0 0 0 0 0 0 0 0 0 0 0
0 0 0 0 -5 0 -5 -1/8 0 0 0 0 0 0 0 0 0 5 0 0 0 0 0 0 xi 0 0 5 0 1/2 0 0 0 0 0 0 0 xi 5 0 0 0 0 0 0 0 0 0 0 0 0 0 0 0 0 0 0 0 0 0 0 0 0 0 0 0 0 0 0 0 0 0 0 0 0 0 0 0 0 0 0 0 0 0 0 0 0 0 0 0
0 0 0 0 0 0 0 xi 0 0 0 0 0 0 0 0 0 0 0 0 0 0 0 0 xi 0 0 0 0 0 0 0 0 0 0 0 0 0 xi 0 0 0 0 xi 0 0 0 0 0 0 0 0 0 0 0 0 0 0 x2 0 0 0 0 xi 0 0 0 0 0 0 0 0 0 0 0 0 0 xi 0 0 0 0 0 0 0 0 0 -xi 0 0
0 0 0 0 0 0 0 0 0 0 0 0 0 0 0 0 0 0 0 0 0 0 0 0 0 0 x2 0 0 0 0 0 0 0 -x2 0 0 0 0 0 0 0 0 0 0 0 0 0 0 0 0 0 0 0 0 0 0 0 0 0 0 0 0 0 xi 0 0 0 0 0 0 0 0 0 0 0 xi 0 0 0 0 0 0 0 0 0 0 0 1 0
0 x2 x2 -x2 0 0 0 0 0 0 0 0 0 -x2 0 0 0 0 0 0 0 0 0 0 0 0 0 0 0 0 0 0 0 x2 0 0 0 0 0 0 0 0 0 0 0 0 0 0 0 0 0 0 x2 -x2 0 0 0 0 0 0 0 0 0 0 -x2 0 0 0 0 0 0 0 x2 0 0 0 0 0 0 0 0 0 0 0 0 -x2 0 0 0 0
0 0 0 xi 0 0 0 0 0 0 0 0 0 0 0 0 0 0 xi 0 0 0 0 0 0 0 0 0 0 0 0 0 0 -xi 0 0 0 xi 0 0 0 0 0 0 xi xi 0 -xi 0 0 0 0 0 0 0 0 0 0 0 0 0 0 0 0 0 0 0 0 0 0 0 0 0 0 -xi 0 0 0 0 0 0 0 0 0 0 0 0 0 0 0
0 -xi 0 0 0 0 0 0 0 0 0 0 0 0 0 0 0 0 0 0 0 0 0 0 0 0 xi 0 0 0 0 0 0 0 0 0 0 0 0 0 0 0 0 0 0 0 0 0 -xi 0 0 0 xi 0 0 0 0 0 0 0 0 0 0 0 0 0 0 0 0 0 -x2 0 0 0 0 0 0 0 0 0 xi 0 0 0 0 xi 0 0 0 0
-xi 0 0 0 0 0 0 0 1/4xi 0 0 0 0 0 xi 0 0 0 0 0 0 0 0 0 0 0 0 0 xi 0 0 0 0 0 0 0 -xi 0 0 0 0 0 0 0 0 0 0 0 0 0 0 0 0 0 0 0 0 0 0 xi 0 0 0 0 -xi 0 0 0 0 1/4xi xi 0 0 0 0 0 0 0 0 xi 0 0 0 0 0 0 0 0 0 0
0 0 0 0 0 0 0 0 0 0 0 0 0 0 0 0 0 0 0 0 0 0 0 0 0 0 0 0 0 0 0 0 0 0 xi 0 0 0 0 0 0 0 0 0 0 0 0 0 0 0 0 0 0 0 xi 0 0 0 0 -x2 0 0 0 0 x2 0 0 0 0 0 0 0 0 0 0 0 0 0 0 0 0 0 0 0 xi xi 0 0 0 1
0 0 0 0 0 0 0 0 0 0 -1/5x 0 0 0 0 0 0 0 0 0 0 0 0 0 0 0 0 0 0 0 0 0 xi 0 0 0 0 0 0 0 0 0 0 0 0 0 0 0 0 -x2 0 0 0 0 0 xi 0 0 -x2 0 xi 0 0 0 0 0 0 -xi 0 0 0 0 0 0 0 0 0 0 0 0 0 0 0 xi 0 0 0 0 0 0
0 0 0 0 0 0 0 0 0 1/2 1/5x 0 1/5x x2 0 1/5x 1/5x x2 x2 0 0 0 0 0 0 -x2 0 0 -1/2 0 x2 0 0 0 0 0 0 0 0 -x2 0 0 0 0 0 0 0 0 0 0 0 -10x 0 0 0 0 0 0 0 0 0 0 -10x 0 0 0 0 0 0 0 0 0 0 0 0 0 0 0 0 0 0 0 0 0 0 0 0 0 0 0
-x2 0 0 0 x2 0 x2 1/40x2 1/4x2 -1/5 1/4 0 1/4 0 x2 0 0 0 0 0 0 0 0 0 0 0 0 0 1/5 -1/10x2 0 -1/5 0 0 0 0 -1/5 0 0 0 0 0 0 0 0 0 0 0 0 0 0 0 0 0 0 0 0 0 0 0 0 0 x2 0 0 -1/5x 0 0 0 1/4x2 x2 0 0 0 0 0 0 0 0 0 0 0 0 0 -1/5x 0 0 0 0 0
0 0 0 0 0 0 0 0 0 xi 0 0 0 0 0 0 0 0 0 0 0 0 0 x2 0 0 0 0 -xi 0 0 xi 0 0 0 0 xi 0 0 0 0 0 0 0 0 0 0 0 0 x2 0 0 0 0 0 0 0 0 x2 0 0 0 0 0 0 0 0 0 0 x2 0 0 0 0 0 0 0 0 0 0 0 0 0 0 0 0 0 0 0 0
#
0 0 0 0 0 0 0 0 0 0 0 0 0 0 0 0 0 0 0 0 0 0 0 0 0 0 0 0 0 0 0 0 0 0 x2 0 0 0 0 0 0 0 0 0 0 0 0 0 0 0 0 0 0 0 -x2 0 x 0 x2 0 0 0 0 0 0 0 -x 0 0 0 0 0 0 0 0 0 x2 0 x2 0 0 0 0 0 0 0 0 0 0 0
0 1/2xi 1/2xi 0 0 0 0 0 0 0 0 0 0 0 0 0 0 0 0 0 0 0 0 0 0 0 xi 0 0 0 -x2 0 0 0 xi 0 0 0 0 0 0 x2 0 0 0 0 0 0 xi 0 0 0 0 xi 0 0 0 0 0 0 0 0 0 0 0 0 0 0 0 0 0 0 0 0 0 0 1/2x2 0 0 0 0 0 0 0 0 -xi 0 0 0 0
0 0 xi x2 0 0 0 0 0 0 0 0 0 -x2 0 0 0 0 0 0 0 0 0 0 0 0 0 0 0 0 0 0 0 0 0 0 0 0 0 0 0 0 0 0 0 0 0 x2 0 0 0 0 0 0 0 x 0 0 0 xi 0 0 0 0 xi 0 0 x 0 0 0 0 0 0 0 0 -xi 0 0 xi 0 0 0 0 0 0 0 0 0 0
0 0 0 0 0 0 0 0 0 0 0 0 0 0 0 0 0 0 0 0 0 -x 0 0 0 0 0 0 0 0 0 0 0 0 -xi 0 0 0 0 0 0 0 0 0 0 0 0 0 0 0 0 0 0 0 xi 0 0 0 0 0 0 0 0 0 0 xi 0 0 0 0 0 0 0 xi 0 0 0 0 0 0 0 0 0 0 xi 0 0 0 0 0
0 0 0 0 0 0 0 xi 0 0 0 0 0 0 0 0 0 0 0 0 0 1/2xi 0 0 0 0 0 0 0 1/4xi 0 0 0 0 0 0 0 0 0 0 0 0 0 xi 0 0 0 0 0 0 0 0 0 0 0 0 0 0 0 0 0 0 0 0 0 0 0 0 0 0 0 0 0 0 0 0 0 -xi 0 0 0 0 0 0 0 0 0 0 1 1
0 0 xi 0 0 0 0 0 0 0 xi 0 -xi 0 0 0 0 0 0 0 xi 0 0 0 0 0 0 0 0 0 0 0 xi 0 0 0 0 0 0 0 xi 0 0 0 0 0 0 0 0 0 0 0 0 0 0 0 0 0 0 0 0 0 0 0 0 0 -xi xi 0 0 0 0 0 0 0 xi 0 0 -xi 0 0 0 0 0 0 0 0 0 0 0
0 0 0 0 0 0 0 0 0 0 0 0 0 0 0 0 0 0 0 0 0 0 0 0 0 0 0 0 0 0 0 0 0 0 0 0 0 0 0 0 0 0 0 0 0 0 0 0 xi 0 0 0 xi 0 0 0 0 xi 0 0 xi 1 0 0 0 0 1/10x xi 0 0 0 0 xi 0 0 0 0 0 0 0 xi 0 xi 0 0 0 0 0 0 0
0 0 0 xi 0 0 0 0 0 0 0 0 0 0 0 0 0 0 0 0 0 0 0 0 0 0 0 0 0 0 0 0 0 xi 0 0 0 0 0 0 0 0 0 0 xi 0 0 0 0 0 0 0 0 0 0 0 0 0 0 0 0 0 0 0 0 0 0 -xi 0 0 0 0 0 0 xi 0 0 0 0 0 0 0 0 xi 0 0 0 0 0 0
0 0 0 0 0 0 0 0 0 0 0 0 0 0 0 0 0 0 0 0 0 xi 0 0 0 0 0 0 0 0 0 0 0 0 0 0 0 0 0 0 0 0 0 0 0 0 0 0 0 0 0 0 0 -xi 0 xi xi 0 0 0 0 0 0 0 0 0 -xi xi xi 0 0 -x2 -x2 0 0 0 0 0 0 0 0 0 0 0 0 0 0 0 0 0
0 0 0 0 0 0 0 0 0 0 -5 0 5 0 0 0 0 0 0 0 0 0 xi 0 0 0 0 0 0 0 0 0 0 0 0 0 0 0 0 0 0 0 0 0 0 0 xi 0 0 0 -1/5x 0 0 0 0 0 0 0 0 0 0 0 0 0 0 0 -1/10x 0 0 0 0 xi xi 0 0 0 0 0 0 0 0 0 0 0 0 0 xi 0 0 0
0 0 0 -xi 0 0 0 0 0 0 0 0 0 xi 0 0 0 0 0 0 0 0 0 0 0 0 0 0 0 0 xi 0 0 0 0 0 0 0 0 xi 0 -xi 0 0 0 0 0 -xi 0 0 0 0 0 0 0 0 0 0 0 0 0 1 0 0 0 0 1/10x 0 0 0 0 0 0 -xi 0 0 0 0 0 0 0 0 0 0 0 0 0 0 0 0
0 0 0 0 0 0 0 0 0 0 0 0 0 0 0 0 0 0 xi 0 0 0 0 0 0 xi 0 0 0 0 -xi 0 0 0 0 0 0 0 0 0 0 0 -1/10 0 0 0 0 0 0 0 0 1/10 0 0 0 0 0 -x2 0 0 0 0 0 0 0 0 0 0 0 0 0 0 0 0 xi 0 0 0 0 0 0 0 0 0 0 0 0 0 0 0
0 0 0 x2 0 0 0 0 0 2x 0 0 0 0 0 0 0 0 -x2 0 0 0 0 0 0 0 0 0 0 0 0 2x 0 0 0 0 0 0 0 0 0 0 0 0 x2 0 0 x2 0 0 0 0 0 0 0 0 0 0 0 0 x2 0 0 0 0 0 0 x2 0 0 0 0 0 0 0 0 0 0 0 0 0 0 0 0 0 0 0 0 0 0
0 0 0 0 0 0 0 0 0 0 0 0 0 0 0 0 0 xi 0 0 0 0 0 0 xi 0 0 -xi 0 0 -xi 0 0 0 0 0 0 xi xi 0 0 0 0 0 0 0 0 xi 0 0 0 0 0 0 0 0 0 0 0 0 0 0 0 xi 0 0 0 0 0 0 0 0 0 0 0 0 0 -xi 0 0 0 0 0 0 0 0 0 0 0 0
0 0 0 0 1/4 5 1/4 0 0 0 0 -1 0 0 0 5 5 0 0 5 0 0 0 0 0 0 0 1/4 0 0 0 0 0 0 0 -1 0 0 0 0 0 0 -1 0 0 5 5 0 0 0 0 0 0 0 0 0 0 0 0 0 0 0 0 0 0 0 0 0 0 0 0 0 0 0 5 0 0 0 0 0 0 0 0 0 0 0 0 0 0 0
0 x2 x2 0 1/5 0 -3/10 0 0 0 0 1/5 0 0 0 0 0 0 0 0 0 0 0 0 0 0 0 -3/10 0 5 0 0 0 0 0 1/5 0 0 0 0 0 0 1/5 0 0 0 0 0 0 0 1/2 0 0 0 0 0 0 0 0 0 0 0 0 0 0 5 1/4 0 0 0 0 0 0 0 0 0 0 0 5 0 0 5 0 0 0 0 0 0 0 0
0 0 0 0 0 0 0 0 0 0 0 0 0 0 0 0 0 1/5x 0 0 0 0 0 0 0 0 0 -1/5x 0 0 0 0 0 0 0 xi 0 0 0 0 0 0 0 0 0 0 0 0 -x2 0 0 xi 0 0 0 0 0 0 0 0 0 0 xi 0 0 0 0 0 0 0 0 0 0 0 0 0 0 0 0 0 0 0 0 0 0 0 0 0 0 0
xi 0 0 -x2 1/4x2 x2 1/4x2 0 0 0 0 0 -1/2x2 0 xi 1/2x2 1/2x2 0 1/10x3 0 0 0 0 0 0 0 0 1/4x2 0 0 0 0 0 0 0 0 0 x2 0 0 0 0 0 0 0 0 0 0 0 0 0 0 0 0 0 0 0 0 0 0 0 0 0 0 0 0 0 0 0 0 xi 0 0 0 0 0 0 0 0 -xi 0 0 0 0 0 0 0 0 0 0
0 1/2x2 1/2x2 0 xi 0 xi 0 0 0 0 xi 0 0 0 0 0 0 0 0 0 0 0 0 0 0 x2 xi 0 0 0 0 0 0 0 xi 0 0 0 0 0 0 xi 0 0 0 0 0 x2 0 0 0 0 0 0 0 0 0 0 0 0 0 0 0 0 0 0 0 0 0 0 0 0 0 0 0 0 0 0 0 0 0 0 0 0 0 0 0 0 0
0 0 0 0 0 0 1/5x 0 0 0 0 0 4x 0 0 -4x -4x 0 0 0 0 0 0 x2 0 0 0 1/5x 0 0 0 0 0 0 0 0 0 0 0 0 0 0 x2 0 0 0 0 0 -x2 0 0 0 -x2 0 0 0 0 0 0 0 0 0 0 0 0 0 0 0 0 0 0 0 0 0 0 0 0 0 0 0 0 0 0 0 0 0 0 0 0 0
0 0 0 0 0 0 0 0 0 0 xi 0 -xi 0 0 0 0 0 0 0 xi 0 0 0 0 0 0 0 0 0 0 0 xi 0 0 0 0 0 0 0 0 0 0 0 0 0 0 0 0 xi 0 0 0 0 0 0 0 0 xi x2 0 0 0 0 0 0 0 xi 0 0 0 0 0 xi 0 0 0 0 0 x2 0 0 0 0 0 0 0 0 0 0
-xi 0 0 0 0 0 0 0 -xi 0 0 0 0 0 0 0 0 -x2 0 0 -xi 0 0 xi 0 0 0 x2 0 0 x2 0 0 0 0 0 0 0 -x2 0 0 0 xi 0 0 0 -xi 0 0 0 0 0 0 0 0 0 0 0 0 0 0 0 0 0 0 0 0 0 0 xi 0 0 0 0 0 0 0 0 0 0 0 0 0 0 0 0 0 0 0 0
x2 0 0 0 0 0 0 0 0 0 0 0 x2 0 x2 0 0 0 0 x2 x2 0 0 0 -x2 0 0 0 0 0 0 0 0 0 0 0 x2 -x2 0 0 0 0 0 0 0 0 x2 -x2 0 0 0 0 0 0 0 0 0 0 0 0 0 0 0 0 0 0 0 0 0 0 0 0 0 0 0 0 0 0 0 0 0 0 0 0 0 0 0 0 0 0
0 0 0 0 0 0 0 0 0 0 0 0 0 0 0 0 0 0 0 0 0 0 x2 0 0 0 0 0 0 0 0 xi 0 0 0 0 xi 0 0 0 0 0 0 0 0 0 x2 0 0 0 0 0 0 0 0 0 0 0 0 0 0 0 0 0 0 0 0 0 0 0 0 0 0 0 0 0 0 xi 0 xi 0 0 0 0 0 0 0 xi 0 0
0 0 0 0 0 0 0 x2 x2 xi 0 0 12/5x2 0 0 8/5x2 -12/5x2 0 0 0 x2 0 0 0 0 0 0 0 xi 1/4x2 0 0 0 0 0 0 0 0 0 0 0 0 0 0 0 0 0 0 0 0 0 0 0 0 0 0 0 0 0 0 0 0 0 0 0 0 0 0 0 0 0 0 0 0 0 0 0 0 0 -xi 0 0 0 0 0 0 0 0 0 0
#
1/4x2 0 0 0 0 0 0 0 x2 0 0 0 0 0 1/4x2 0 0 0 0 0 x2 0 0 0 0 0 0 0 0 0 0 0 0 0 0 0 0 0 0 0 0 0 0 0 0 0 0 0 0 0 xi 0 0 0 0 0 xi x2 0 0 0 1 0 0 0 0 xi 0 xi 0 0 0 0 0 0 xi 0 0 0 0 0 0 0 0 0 0 0 0 0 0
1/4x2 0 0 0 0 0 0 0 x2 0 0 0 0 0 1/4x2 0 0 0 0 0 0 0 0 0 0 0 0 0 0 0 0 0 0 0 0 0 0 0 0 0 0 0 0 0 0 0 0 0 0 0 0 x2 0 x 0 0 0 xi 0 0 0 0 0 0 0 0 0 0 -x 0 0 0 0 0 0 0 0 0 0 0 0 0 xi 0 0 0 0 0 0 0
1/4xi 0 0 0 0 0 0 0 xi -1/4x2 0 0 0 0 1/4xi 0 0 0 0 0 xi 0 0 x2 0 0 0 0 -1/4x2 0 0 0 xi 0 0 0 0 0 0 0 0 0 0 0 0 0 0 0 0 0 0 0 0 0 0 xi 0 0 0 0 xi 0 0 0 0 0 0 xi xi 0 0 0 0 0 0 0 0 0 0 0 0 0 -xi -xi 0 0 0 0 0 0
0 0 0 0 0 0 0 0 0 0 0 0 0 0 0 0 0 0 0 0 0 xi 0 -x2 0 0 0 0 0 0 0 0 0 0 0 0 0 0 0 0 0 0 -x2 xi 0 0 0 0 0 0 0 0 0 0 0 0 0 0 0 0 0 0 0 xi 0 0 0 0 -xi 0 0 0 0 0 0 0 0 xi 0 0 0 0 0 0 0 0 0 xi 0 0
0 0 0 0 0 0 0 0 -xi 1/4x2 0 0 0 0 0 0 0 0 0 -xi 0 -2x -xi xi 0 0 0 0 1/4x2 0 0 0 0 0 0 0 0 0 0 0 0 0 0 0 0 0 -xi 0 0 0 0 0 0 0 0 0 0 0 0 0 0 0 0 0 0 0 0 0 2x -xi 0 0 0 0 0 0 0 0 0 0 0 0 0 0 0 0 0 0 0 0
0 0 0 0 0 0 0 0 0 0 x2 0 0 0 0 0 0 0 0 0 0 0 5x3 0 0 0 0 0 0 0 0 0 0 0 0 0 0 0 0 x2 xi x2 0 0 0 0 0 0 0 0 0 0 0 0 0 0 0 0 0 0 0 0 0 0 0 0 0 0 0 0 0 0 0 0 0 0 0 0 xi 0 0 -xi 0 0 0 0 0 0 0 0
0 -2x2 0 0 0 0 0 0 0 0 0 0 0 0 0 0 0 0 0 x2 0 0 x2 0 0 x2 0 0 0 0 0 0 0 0 0 0 0 0 0 0 0 0 0 0 0 0 x2 0 x2 0 0 0 0 0 0 0 0 0 0 0 0 0 x2 0 0 0 0 0 0 0 0 0 0 0 0 0 0 0 0 0 x2 0 0 0 0 0 0 0 0 0
0 x2 -x2 0 0 xi 0 0 0 0 0 0 0 0 0 0 0 0 xi xi 0 0 0 0 0 xi 1/2x2 0 0 0 0 0 0 0 0 0 0 0 0 0 -x2 0 0 0 xi xi 0 0 0 0 0 0 0 0 0 0 0 0 0 0 0 0 0 0 0 0 0 0 0 0 0 0 0 0 xi 0 0 0 0 0 0 0 0 0 0 0 0 0 0 0
0 0 0 0 0 1/5x2 0 0 0 0 0 x2 0 0 0 0 0 -x2 0 0 0 0 xi 0 0 0 0 0 0 0 0 0 0 0 0 0 0 0 x2 0 0 0 0 0 0 0 0 0 0 0 0 0 0 0 0 0 0 0 0 0 0 0 0 -x2 0 x2 0 0 0 0 0 -xi 0 0 0 0 0 0 0 0 0 -x2 0 0 0 0 xi 0 0 0
0 0 0 0 0 1/4 0 4x2 0 0 0 0 0 0 0 1/4xi -1/4xi 0 0 0 0 0 0 0 0 0 0 0 0 0 0 0 0 0 0 0 0 0 0 0 0 0 0 -4x2 0 0 0 0 0 0 0 0 0 0 0 0 0 0 0 0 0 0 0 0 0 0 0 0 0 0 0 x2 0 0 0 0 0 0 0 0 0 0 0 0 0 0 0 0 0 0
0 0 0 0 -2/5 -1/10 2/5 0 0 0 0 -2/5 0 x2 0 0 0 0 0 0 0 0 0 0 0 0 0 0 0 0 0 0 0 0 0 0 0 0 0 x2 0 0 0 0 0 0 0 0 0 -xi 0 0 0 0 0 0 0 0 xi 0  0 0 0 0 0 0 0 0 0 0 0 0 0 0 0 1/10x 0 0 0 0 0 0 0 0 0 0 0 0 0 0
0 0 0 0 0 0 0 0 0 0 0 0 0 0 0 0 0 xi 0 0 0 0 0 0 0 -xi 0 0 0 0 xi 0 0 0 0 0 0 0 -xi xi 0 xi 0 0 0 0 0 0 0 0 0 0 0 0 0 0 0 0 0 0 0 -1 0 xi 0 0 0 0 0 0 0 0 0 0 0 0 0 0 0 0 0 0 x2 0 0 0 0 0 0 0
0 0 0 xi 0 0 0 0 0 0 0 0 0 xi 0 0 0 0 0 0 0 0 0 0 -xi 0 0 0 0 0 0 0 0 xi 0 0 0 xi 0 xi 0 0 0 0 0 0 0 xi 0 0 0 0 0 0 0 0 0 0 0 0 0 0 0 xi 0 0 0 0 0 0 0 0 0 0 0 0 0 0 0 0 0 0 0 0 0 0 0 0 0 0
0 0 0 0 -1/5x -1/20x 1/5x 0 0 0 0 -1/5x 0 0 0 0 0 0 0 0 0 x2 0 0 x2 0 0 1/5x 0 0 0 0 0 0 0 0 0 0 0 x2 0 0 0 x2 0 0 0 0 0 -x2 0 0 0 0 0 0 1/10x 0 0 0 0 0 0 0 0 0 0 0 (1/10x+-x2) 0 0 0 0 x2 0 0 0 x2 0 0 0 0 0 0 0 0 0 0 0 0
0 0 0 0 xi 1/4xi -xi xi 0 0 0 xi 0 0 0 0 0 0 0 0 0 0 0 0 0 0 0 0 0 xi 0 0 0 0 0 0 0 0 0 0 0 0 0 -xi 0 0 0 0 0 0 xi 0 0 0 0 0 0 0 0 0 0 0 0 0 0 0 0 0 0 0 0 0 0 0 0 0 0 0 0 0 0 xi 0 0 0 0 0 0 0 0
0 -xi xi -x2 0 0 0 0 0 0 0 0 0 0 0 0 0 0 0 0 0 0 0 0 0 0 -1/2xi 0 0 0 0 0 0 -x2 0 0 0 0 0 0 xi 0 0 0 0 0 0 0 0 0 0 0 0 0 0 0 0 0 0 xi 0 0 0 0 xi 0 0 0 0 0 0 0 0 0 0 0 xi 0 0 0 0 0 0 0 0 0 0 0 0 0
x2 0 0 0 0 0 0 0 0 0 0 0 0 0 0 0 0 0 x2 0 0 0 0 0 0 x2 xi 0 0 0 0 0 0 0 0 0 0 0 0 0 0 0 0 0 0 0 0 0 xi 0 0 0 xi 0 0 0 0 0 0 0 0 0 0 0 0 0 0 0 0 0 x2 0 0 0 0 0 0 0 0 0 0 0 0 0 0 0 0 0 0 0
0 0 0 0 0 0 0 0 0 0 0 0 0 0 xi 0 0 0 0 0 0 0 0 0 0 0 0 0 0 0 0 0 0 xi 0 0 0 0 0 0 0 0 0 0 xi 0 0 0 0 0 0 0 0 0 0 0 0 0 0 0 0 0 0 0 0 0 0 0 0 0 -xi 0 0 0 0 0 -x2 0 0 0 0 0 0 0 0 0 0 0 0 0
0 0 0 0 0 0 0 0 0 0 0 0 0 0 0 0 0 -1/5x 0 0 0 0 0 0 0 0 xi 0 0 0 0 x2 0 0 xi 0 -x2 x2 0 0 0 0 0 0 0 0 0 0 0 0 0 0 0 xi xi 0 0 0 0 0 0 0 0 0 0 0 0 0 -xi 0 0 0 0 0 0 0 0 0 0 0 0 0 0 0 0 xi 0 0 0 0
0 0 0 0 0 1/5x 0 0 0 x2 0 0 0 0 0 0 0 0 0 1/5x 0 0 0 0 0 0 0 0 x2 0 0 0 0 0 0 0 0 0 0 0 0 0 0 0 0 1/5x 0 0 0 0 0 0 -xi 0 0 0 0 0 0 0 0 0 0 0 0 0 0 0 0 0 0 xi xi 0 0 0 0 0 0 0 xi 0 0 0 0 0 0 0 1 0
1/4x2 0 0 0 0 0 0 0 x2 0 0 0 0 0 1/4x2 0 0 0 0 0 x2 0 0 0 0 0 0 0 0 0 0 0 x2 0 0 0 0 0 0 -xi 0 0 0 0 0 0 0 0 0 xi 0 0 0 0 -xi 0 0 0 0 0 0 0 0 0 0 -xi 0 0 0 0 0 0 0 -xi 0 0 0 0 0 0 0 xi 0 0 xi 0 0 0 0 0
0 0 0 0 0 0 0 0 0 0 0 xi 0 0 0 0 0 0 0 0 0 0 0 xi 0 0 0 0 0 0 0 0 0 0 x2 xi 0 0 0 0 0 0 xi 0 0 0 0 0 0 0 0 -xi 0 0 x2 0 0 0 0 0 x2 0 xi 0 0 0 0 0 0 0 0 0 0 0 0 0 0 0 0 0 0 0 -x2 0 0 0 0 0 0 0
0 0 0 0 0 0 0 0 0 xi 0 0 0 0 xi 0 0 0 0 0 0 0 0 0 0 0 0 0 xi 0 0 -xi 0 0 0 0 xi 0 0 0 0 0 0 0 0 0 0 0 0 0 0 0 0 0 0 0 0 0 0 -xi 0 0 0 0 0 0 0 0 0 0 0 0 0 0 0 0 0 0 0 xi 0 0 0 x2 0 0 0 0 0 0
0 0 0 0 0 0 xi 0 0 0 0 0 0 0 0 0 0 xi 0 0 0 0 0 0 0 0 0 xi 0 0 0 x2 0 0 0 0 0 0 0 0 0 0 0 0 0 0 0 0 0 0 0 0 0 0 x2 x2 0 0 0 0 0 0 0 0 0 0 0 0 x2 0 0 0 0 0 0 0 0 0 0 0 0 0 0 0 0 0 0 0 0 0
1/20x 0 0 0 0 0 0 0 1/5x x2 xi 0 xi 0 1/20x 0 xi 0 0 -xi 1/5x 0 0 0 0 0 0 0 0 0 0 0 1/5x 0 0 0 0 0 0 0 0 0 0 0 0 0 0 0 0 0 0 0 0 0 0 0 0 0 0 0 0 0 0 0 0 0 0 0 0 0 0 0 0 0 0 0 0 0 0 0 0 0 0 0 0 0 0 0 0 1
