# Smirnov's APA algorithm for rank 37 5x5x2; error params: sigma = 1, phi = 3
0 0 0 1 0 0 1 0 0 0 0 0 1 0 0 0 0 0 0 0 0 0 0 0 0 0 0 0 0 0 0 0 0 0 0 0 0
0 0 0 0 1 -1 0 0 0 1 x 0 0 0 0 0 0 0 0 0 0 0 0 0 0 0 0 0 0 0 0 0 0 0 0 0 0
0 0 -xi -xi 0 0 -xi 0 0 0 0 0 -xi 0 0 -xi xi 0 0 0 0 0 0 xi 0 0 0 0 0 0 0 0 0 0 0 0 0
0 0 0 0 0 0 0 0 0 1 0 0 0 0 0 0 0 0 0 0 0 0 0 xi 0 0 0 0 0 0 0 0 0 0 0 0 0
0 0 0 0 0 0 0 0 0 0 0 0 0 0 0 0 0 0 0 0 0 0 0 0 0 1 0 1 0 0 0 0 0 1 0 0 0
-x x 0 0 0 0 0 0 0 0 0 0 0 -x -x 0 0 0 -x 0 0 0 0 0 0 0 0 0 0 0 0 0 0 0 0 0 0
0 0 0 0 0 0 0 0 0 0 x2 0 0 0 x2 0 0 0 0 0 0 0 0 0 0 0 0 0 0 0 0 0 0 0 0 0 0
0 0 0 0 0 0 0 0 0 0 -1 0 0 0 0 0 0 1 0 0 0 -1 0 0 0 0 0 0 0 0 0 0 0 0 0 0 0
0 0 0 0 1 0 0 -1 0 0 0 0 0 0 0 0 0 0 0 0 0 1 0 0 0 0 0 0 0 0 0 0 0 0 0 0 0
0 0 0 0 0 0 0 0 0 0 0 0 0 0 0 0 0 0 0 0 0 0 0 0 -1 0 0 0 1 0 0 0 1 0 0 0 0
0 0 0 0 0 0 0 0 0 0 0 0 0 x2 0 x2 0 0 0 0 0 0 0 0 0 0 0 0 0 0 0 0 0 0 0 0 0
x2 0 0 0 0 0 0 x2 x2 0 0 0 x2 0 0 0 0 0 0 0 0 0 0 0 0 0 0 0 0 0 0 0 0 0 0 0 0
0 0 0 0 0 0 0 0 0 0 0 0 1 0 0 x 0 0 0 xi 0 0 0 0 0 0 0 0 0 0 0 0 0 0 0 0 0
0 0 1 1 0 0 0 0 0 x 0 0 0 x 0 0 0 0 0 0 0 0 0 0 0 0 0 0 0 0 0 0 0 0 0 0 0
0 0 0 0 0 0 0 0 0 0 0 0 0 0 0 0 0 0 0 0 0 0 0 0 0 -x -x 0 0 x 0 0 0 0 0 0 0
0 0 0 0 0 0 0 0 0 0 0 0 -1 1 0 0 0 0 1 0 0 0 0 0 0 0 0 0 0 0 0 0 0 0 0 0 0
0 0 0 0 0 0 0 0 0 0 0 0 0 0 x 0 0 0 0 0 0 1 xi 0 0 0 0 0 0 0 0 0 0 0 0 0 0
xi -xi 0 0 0 0 0 0 -xi 0 xi xi 0 xi xi -xi 0 -xi xi 0 0 0 0 0 0 0 0 0 0 0 0 0 0 0 0 0 0
0 0 0 0 -xi xi 0 xi 0 -xi 0 0 0 0 -xi 0 0 0 0 0 xi -xi 0 0 0 0 0 0 0 0 0 0 0 0 0 0 0
0 0 0 0 0 0 0 0 0 0 0 0 0 0 0 0 0 0 0 0 0 0 0 0 0 0 0 0 0 0 1 0 0 0 0 -1 1
0 0 0 0 0 0 0 0 0 0 0 0 0 0 0 0 0 0 0 0 0 0 0 0 0 1 0 0 1 0 0 0 0 0 0 1 0
0 0 0 0 0 0 0 0 0 0 0 0 0 0 0 0 0 0 0 0 0 0 0 0 -x 0 0 x 0 0 -x 0 0 0 0 0 0
0 0 0 0 0 0 0 0 0 0 0 0 0 0 0 0 0 0 0 0 0 0 0 0 1 0 0 0 0 1 0 0 0 0 1 0 0
0 0 0 0 0 0 0 0 0 0 0 0 0 0 0 0 0 0 0 0 0 0 0 0 0 0 1 0 0 0 0 1 1 0 0 0 0
0 0 0 0 0 0 0 0 0 0 0 0 0 0 0 0 0 0 0 0 0 0 0 0 x2 x2 0 0 0 0 0 0 0 0 0 0 0
#
1 1 -x -1 0 0 1 0 1 0 0 1 0 xi 0 0 -x2 0 xi 0 0 0 0 0 0 x 0 0 0 0 0 0 0 x 0 0 0
xi 0 0 0 0 0 xi 0 0 0 0 xi -xi 0 0 xi xi 0 xi 1 0 0 0 0 0 0 0 0 0 0 0 0 0 0 0 x x
xi xi 0 0 0 x 0 0 0 0 0 0 0 0 xi 0 0 0 0 0 xi 0 x 0 0 0 0 1 0 0 0 0 0 1 0 0 0
0 0 0 0 -1 0 0 xi xi 0 xi xi 0 0 0 0 0 xi 0 0 0 xi 1 0 0 0 0 0 0 0 1 0 0 0 0 0 1
-x -x -x2 0 0 0 0 0 0 0 x 0 0 0 0 0 0 x 0 x2 0 0 0 0 0 0 0 0 0 x 0 0 0 0 0 0 0
0 0 0 0 0 0 0 0 0 0 -x 1 0 0 0 1 1 0 0 0 0 0 0 0 0 0 0 0 0 0 0 0 0 0 x 0 0
0 0 x2 x x2 -x -x -x 0 -x 0 0 0 0 0 0 0 0 0 0 x 0 0 0 0 0 x 0 0 0 0 0 0 0 0 0 0
0 0 1 0 x xi 0 0 0 xi 0 0 0 0 0 0 x 0 0 0 0 0 0 1 0 0 0 0 0 0 0 x 0 0 0 0 0
0 0 0 0 0 0 0 0 0 0 0 0 0 0 0 0 0 0 0 0 0 0 0 0 0 xi -xi 0 -xi 0 0 -xi xi xi 0 xi xi
0 0 0 0 0 0 0 0 0 0 0 0 0 0 0 0 0 0 0 0 0 0 0 0 xi -xi 0 xi xi -xi xi 0 0 0 -xi -xi 0
#
0 0 xi -1 0 -xi 0 0 0 -xi 0 0 0 0 0 0 0 0 0 0 x 0 0 xi 0 0 0 0 0 0 0 0 0 x 0 0 0
0 0 x x -1 0 x x 0 x2 0 0 0 0 0 0 x 0 0 0 0 0 0 x 0 0 0 x 0 0 0 0 0 0 0 0 0
0 xi 0 0 0 0 0 xi -xi 0 0 0 0 0 xi 0 0 xi 0 0 xi xi -xi 0 0 0 0 0 0 0 0 x x 0 0 0 0
-1 -1 0 0 xi x 0 -1 1 0 xi 1 0 0 0 0 0 xi 0 0 0 0 0 0 -x 0 0 0 0 0 0 0 0 0 -x 0 0
xi xi 0 xi 0 0 xi 0 0 0 0 0 xi xi 0 0 0 0 -xi xi 0 0 0 0 0 0 1 0 0 0 0 -1 0 0 0 0 0
0 0 1 0 0 0 0 0 xi 0 0 xi 0 0 0 xi xi 0 0 -1 0 0 0 0 0 0 0 0 0 -1 0 0 0 0 1 0 0
0 1 0 0 0 0 0 0 0 0 0 0 0 x 1 0 0 0 0 0 1 0 0 0 0 0 0 0 0 0 0 0 0 0 0 0 x
-x -x 0 x 0 x2 x 0 x 0 0 x x 0 0 0 0 0 0 x 0 0 x 0 0 0 0 0 0 0 x 0 0 0 0 0 0
0 0 0 0 0 0 0 0 0 0 0 0 0 0 0 0 0 0 0 0 0 0 0 0 xi xi xi xi xi xi 0 0 xi -xi 0 0 0
0 0 0 0 0 0 0 0 0 0 0 0 0 0 0 0 0 0 0 0 0 0 0 0 xi 0 0 0 xi 0 -xi xi xi 0 xi xi xi
