# Smirnov's APA algorithm for rank 46 4x4x4; error params: sigma = 1, phi = 3
x 0 0 0 0 0 0 0 0 0 0 0 0 0 0 0 0 0 0 x2 0 0 0 0 0 x2 x2 0 0 0 0 0 0 x2 0 0 0 0 0 0 0 0 0 0 0 0
x 0 0 0 0 0 0 0 0 0 0 0 xi 0 0 0 0 0 0 0 0 0 0 -x 0 xi 0 0 0 -xi xi 0 0 1 0 0 0 0 0 xi 0 0 0 0 0 0
-x 0 0 0 0 0 0 0 0 x 0 0 0 0 0 0 -x 0 0 0 0 0 0 x 0 0 0 x 0 0 0 0 0 -xi 0 0 0 0 0 0 0 0 0 0 xi 0
xi 0 0 0 0 0 0 xi 0 x -xi 0 0 0 0 xi 0 0 0 0 0 0 0 0 0 -xi x x 0 0 0 xi 0 xi 0 0 0 0 0 0 0 0 xi 0 0 0
0 0 0 0 0 x2 x2 0 0 0 0 0 0 0 x2 0 0 0 0 0 0 0 xi 0 0 0 0 0 0 0 0 0 xi 0 0 0 x2 0 0 0 0 0 0 0 0 0
xi 0 0 0 0 xi 0 0 0 0 0 0 0 0 0 0 xi 0 0 0 0 -x2 -1 -xi 0 0 0 0 0 0 0 0 0 0 0 0 0 0 0 -x2 0 0 0 0 0 -xi
0 1 0 1 0 1 x2 0 0 -x 0 0 0 1 1 0 0 x 0 1 0 0 0 0 0 0 0 0 0 0 0 0 0 1 0 0 x2 0 0 0 0 0 0 0 0 0
0 xi 0 xi 0 0 x 0 0 0 0 0 0 xi xi 0 0 0 -xi xi 0 0 -xi 0 0 0 0 0 0 0 0 0 0 xi 0 xi x 0 0 0 xi xi 0 0 0 0
0 0 -x2 0 x2 0 0 0 0 0 0 0 0 0 0 0 0 0 x2 0 0 0 x2 0 0 -x2 0 0 0 0 0 0 0 0 0 0 -x2 0 0 0 0 0 x2 0 0 0
0 0 0 0 0 0 0 0 0 0 x 0 0 0 0 0 0 0 xi 0 xi 0 0 0 0 0 0 0 x2 0 0 0 0 0 0 0 0 0 -xi x2 0 0 0 0 0 0
0 -x 0 -x x x2 0 x2 0 x 0 x 0 0 0 0 0 0 0 0 0 0 0 0 0 0 0 0 0 0 0 0 0 x2 0 -x2 0 0 0 0 0 0 0 0 0 0
0 0 -x xi 0 0 0 0 xi 0 0 0 0 0 0 xi 0 0 0 0 0 0 0 0 0 0 0 0 0 0 0 0 0 0 0 0 -x 0 0 0 0 x2 0 0 0 0
0 0 0 -1 -1 0 0 0 0 0 0 0 x 0 0 0 0 0 0 0 1 0 0 0 1 x 0 0 0 0 0 0 0 0 0 0 0 0 0 0 0 0 0 0 0 0
0 0 0 0 0 0 xi 0 0 xi 0 0 0 0 0 0 0 -xi 0 0 0 xi 0 0 0 0 0 0 0 0 0 0 0 0 0 0 xi xi 0 xi 0 0 0 0 0 0
0 0 0 0 0 0 0 0 0 xi 0 0 0 0 0 0 0 0 0 0 0 0 0 0 0 0 xi xi 0 x 0 0 0 -x2 0 0 xi 0 0 0 0 0 0 xi 0 0
0 0 xi xi xi 0 0 0 0 xi 0 xi 0 0 0 0 0 0 0 0 -xi 0 0 0 -xi 0 0 0 xi 0 0 0 0 0 -xi 0 xi 0 0 xi 0 0 0 0 0 0
#
0 0 0 0 0 0 0 0 0 0 0 0 -xi 0 0 0 0 0 0 0 0 0 0 0 0 xi 0 0 0 0 -1 -xi x 0 0 0 0 0 0 0 0 0 xi 0 0 0
0 -xi xi -xi 0 0 xi 0 xi 0 0 0 0 0 0 -1 0 0 0 0 0 0 0 0 xi 0 xi 0 0 0 0 1 0 0 -xi 0 -xi -xi 0 0 0 0 0 xi 0 0
xi 0 x 0 0 0 0 0 0 0 xi 0 0 0 0 0 0 0 xi 0 xi 0 xi xi xi 0 0 0 0 0 0 xi -xi 0 -x 0 0 0 xi 0 xi 0 0 0 0 0
0 xi 0 0 xi 0 0 0 0 0 0 x 0 -xi xi 0 0 0 0 -xi 0 0 0 0 xi 0 0 0 0 0 0 0 0 0 x 0 0 0 0 0 0 0 0 0 0 0
1 0 0 0 0 0 0 0 0 0 1 0 x2 0 0 0 0 0 0 0 0 x2 0 1 0 0 0 0 0 0 0 1 0 0 0 0 0 x2 0 0 0 0 0 0 0 0
0 0 0 0 0 0 0 0 0 0 0 0 0 0 0 0 0 0 0 0 0 xi 0 0 0 0 0 0 xi 0 xi 0 0 0 xi 0 0 xi 0 -xi 0 0 0 0 0 0
0 0 0 0 0 0 x2 0 0 0 0 0 0 0 0 0 xi 0 x2 0 0 0 0 -xi 0 0 0 0 0 0 0 0 0 0 0 0 0 -x2 0 0 x2 0 0 0 0 0
0 0 0 0 0 x2 0 0 0 0 0 0 0 0 0 0 0 x2 0 0 -x2 0 0 0 -x2 0 0 0 0 -x -x2 0 0 0 0 0 0 x2 0 0 0 0 0 0 0 0
1 0 0 0 0 0 0 -xi 0 0 0 0 0 0 0 0 1 0 0 xi 0 0 1 0 0 0 0 0 0 xi 1 -xi -1 xi 0 0 0 0 0 0 0 0 0 0 xi 0
0 0 0 0 0 0 0 0 0 -1 0 1 0 0 0 0 0 1 0 0 0 0 0 0 0 0 -1 1 0 0 0 0 0 0 1 0 0 1 0 0 0 0 0 0 0 0
0 0 0 0 0 xi 0 0 0 0 0 0 0 0 -xi 0 xi 0 0 0 0 0 0 0 0 0 x2 0 0 0 0 0 0 0 0 xi 0 0 0 0 xi 0 0 x2 0 xi
0 0 0 0 1 0 0 0 0 x2 0 0 0 0 x 0 0 -x2 0 0 0 0 0 0 1 0 0 0 0 0 0 0 0 0 0 -x 0 -x2 0 0 -x 0 0 0 x2 0
0 0 0 0 0 0 0 0 0 0 0 0 x2 0 0 x2 0 0 0 0 0 0 -x 0 0 -x2 0 0 x2 0 0 -x2 x 0 x2 0 0 0 0 0 0 0 0 0 0 0
0 1 0 1 0 0 0 0 -1 0 0 0 0 0 0 x 0 0 0 0 0 0 0 0 -1 0 0 0 0 0 0 -x 0 0 0 0 0 0 0 0 0 0 0 0 0 0
x 0 x2 0 0 0 0 0 0 0 0 0 0 0 0 0 0 0 0 0 0 0 0 x 0 0 0 0 0 0 0 0 0 0 -x2 0 0 0 0 0 -xi xi 0 0 0 0
0 0 0 0 0 0 0 x2 -x2 0 0 x2 0 0 x2 0 0 0 0 0 0 0 0 0 0 0 0 0 0 0 0 x2 0 0 x2 0 0 0 0 0 0 0 0 0 0 0
#
0 0 0 0 0 0 0 0 0 0 0 0 xi 0 0 0 0 0 0 0 0 0 0 0 0 xi 0 0 0 0 0 0 0 0 0 0 0 0 0 0 0 0 xi 0 x2 0
0 0 0 0 0 0 0 0 x 0 0 0 0 0 0 1 0 0 0 0 0 0 0 0 0 0 xi xi 0 0 x2 0 0 0 0 0 0 0 0 0 0 0 0 -xi 0 0
1 0 0 0 0 0 0 x 0 0 1 0 0 0 0 0 -1 0 0 0 0 0 0 1 0 0 0 0 0 0 0 0 0 0 0 0 0 0 x2 0 0 0 0 0 0 -1
0 0 0 0 0 0 0 xi 0 0 0 0 0 xi 0 0 0 0 0 -xi 0 0 0 0 0 0 0 0 0 1 0 0 0 xi 0 0 0 0 0 0 0 0 0 0 xi 0
x 0 0 0 0 0 0 x2 0 0 x 0 0 -x 0 0 0 0 -1 x 0 0 1 0 0 0 0 0 0 0 0 0 1 0 0 0 0 0 -1 0 0 0 0 0 0 0
0 x 0 0 0 0 xi 0 0 0 0 0 0 x 0 0 0 xi 0 0 0 -xi 0 0 0 0 0 0 0 0 0 0 0 0 0 0 0 xi 0 0 0 0 0 0 0 0
0 0 0 0 0 x 0 0 0 0 0 0 0 0 0 0 x2 0 0 0 0 0 0 0 0 0 0 0 0 0 0 0 -x2 0 0 0 0 0 0 0 0 x2 0 0 0 (x+x2)
0 0 0 0 0 xi 0 0 0 0 0 0 0 xi xi 0 0 0 0 0 0 0 0 0 0 0 0 0 0 0 0 0 0 0 0 xi 0 0 0 0 0 0 0 0 0 xi
0 0 0 0 0 0 0 -xi 1 0 xi 0 0 0 0 xi 0 0 0 0 0 0 0 0 0 0 0 0 0 0 0 xi 0 0 0 0 0 0 x 0 0 0 xi 0 0 0
0 0 -xi 0 0 0 0 0 -x 0 0 xi 0 0 0 0 0 0 0 0 0 0 0 0 0 0 0 0 xi 0 0 0 0 0 xi 0 0 0 0 0 0 0 0 0 0 0
0 0 0 0 0 0 0 0 0 0 0 0 0 0 0 0 0 0 xi 0 0 0 0 0 0 0 0 0 0 0 0 0 0 0 0 -xi 0 0 xi 0 xi xi 0 0 0 0
0 xi 0 -xi xi 0 0 0 -xi 0 0 0 0 xi 0 0 0 0 0 0 -xi 0 0 0 xi 0 0 0 0 0 0 0 0 0 0 0 0 0 -xi 0 0 0 0 0 0 0
0 0 0 0 0 0 0 0 0 0 0 0 -1 0 0 0 0 0 0 0 0 xi 0 0 0 0 0 0 xi 1 xi 0 0 0 0 0 0 0 0 xi 0 0 0 0 0 0
0 -x x x 0 0 0 0 x 0 0 0 0 -x 0 0 0 0 0 0 0 x2 0 0 0 0 0 x 0 0 0 0 0 0 0 0 0 0 0 0 0 0 0 0 0 0
0 0 xi 0 0 0 xi 0 0 0 0 0 0 0 0 0 0 0 0 0 x 0 0 0 0 0 0 0 0 0 0 0 0 0 0 0 xi 0 x 0 0 0 0 xi 0 0
0 0 0 0 -x 0 0 0 0 xi 0 xi 0 0 0 0 0 -xi 0 0 0 0 0 0 0 0 0 xi 0 0 0 0 0 0 0 0 0 0 0 0 0 0 0 0 0 0
