# (2, 0, 1) permutation of algorithms/smirnov224-13-91-approx
-x2i -x2i x2i 0 x2i -x2i 0 0 0 0 x2i 0 -x2i
0 xi 0 0 0 0 0 0 0 x2i 0 0 -x2i
0 0 0 0 0 -xi 0 0 0 0 xi 0 -xi
1 0 -1 0 -1 1 0 0 0 0 0 0 0
x2i x2i 0 -x2i -x2i 0 -x2i x2i 0 0 0 x2i 0
0 0 0 0 -xi 0 x2i 0 x2i 0 0 0 0
-xi -xi 0 xi xi 0 0 0 0 0 0 0 0
0 0 0 0 1 0 0 1 0 0 0 0 0
#
-1 0 1 -1 0 -x 0 x 0 0 0 0 0
0 -x 0 x 0 x -x -x2 x -x2 x 0 0
0 0 0 0 0 1 1 1 -1 1 1 1 1
1 1 0 0 1 0 0 0 x x 0 0 0
#
0 0 x2 0 0 0 0 0 0 x2 0 0 0
-x x x -x 0 0 0 0 0 0 0 0 0
0 0 -x 0 0 1 0 0 0 0 1 0 0
1 -1 -1 1 0 0 0 0 0 1 1 0 1
0 0 0 0 0 0 x2 (x+x2) 0 0 0 -x 0
0 0 0 0 0 0 x 0 x 0 0 x 0
0 0 0 -x 0 0 0 1 0 0 0 -1 0
1 0 -1 1 1 0 1 0 1 0 0 1 0
