# rank 36 algorithm for 3x5x3, discovered by Smirnov
0 0 0 0 1 0 0 0 0 -1 0 0 0 0 0 0 1 0 -1 0 0 0 1 0 0 -1 0 0 1 0 0 0 0 1 0 0 
0 0 0 0 0 0 0 0 0 0 0 0 0 0 0 0 0 0 0 0 0 0 0 0 0 0 0 0 -1 0 0 0 1 0 0 1 
0 1 0 0 0 0 0 0 0 1 0 0 0 0 0 -1 0 1 0 -1 0 0 0 0 0 0 0 1 0 0 0 0 0 0 0 -1 
1 0 -1 -1 1 -1 0 -1 0 0 1 0 1 0 0 0 0 1 0 0 1 0 0 0 0 0 0 0 0 1 1 0 0 0 0 0 
-1 0 0 1 0 1 1 1 0 0 0 1 0 0 -1 0 0 0 0 0 -1 1 0 0 0 0 1 0 0 0 -1 -1 0 0 0 0 
0 0 0 0 0 0 -1 0 0 1 0 0 0 0 0 0 0 0 1 0 0 -1 0 0 0 0 0 0 0 0 0 0 0 -1 -1 0 
-1 1 0 0 0 1 0 1 -1 0 0 -1 0 -1 0 0 -1 0 0 0 0 0 0 1 -1 0 0 0 -1 0 0 0 0 0 0 0 
1 0 0 0 0 -1 0 -1 0 0 0 0 0 1 0 0 0 0 0 0 0 0 0 0 0 0 0 0 0 0 0 0 0 1 0 0 
-1 0 1 1 -1 1 0 1 0 0 -1 0 0 0 0 0 0 -1 0 0 -1 0 0 0 0 1 0 0 0 -1 0 0 0 0 0 0 
1 0 0 0 0 -1 0 -1 0 0 0 0 0 0 0 0 0 0 0 0 1 1 0 0 0 0 0 0 0 0 0 0 0 0 0 0 
0 0 0 0 0 0 1 0 0 0 0 1 0 0 0 0 0 1 0 0 0 1 0 0 0 0 0 0 0 0 0 0 0 0 1 0 
1 -1 0 0 0 0 0 -1 1 0 0 0 0 1 0 1 0 0 0 0 0 0 0 0 1 0 0 0 1 0 0 0 -1 0 0 0 
-1 0 0 0 0 0 0 1 0 -1 0 0 0 -1 0 0 0 -1 0 1 0 0 0 0 0 0 0 0 0 0 0 0 0 0 0 0 
0 0 1 0 -1 0 0 -1 0 0 0 0 -1 0 1 0 0 -1 0 0 0 0 0 0 0 0 0 0 0 0 0 0 0 0 0 0 
0 0 0 0 0 0 -1 1 0 0 0 -1 0 0 0 0 0 0 0 0 0 -1 0 0 0 0 0 0 0 0 0 1 0 0 0 0 
#
0 0 0 0 0 0 1 0 0 0 0 1 0 0 0 0 1 0 1 0 0 0 0 1 0 0 0 0 0 0 0 1 0 0 0 0 
0 0 1 0 1 0 0 0 0 1 0 0 0 0 0 0 0 1 0 1 0 0 0 0 0 0 0 0 0 0 0 0 0 0 1 0 
0 0 0 0 0 0 0 0 0 0 0 0 0 0 0 0 0 0 1 0 0 0 1 0 0 0 0 0 0 0 0 0 0 0 1 0 
0 0 0 0 0 0 0 0 0 0 0 0 0 0 0 0 0 0 0 0 0 0 0 1 1 0 0 0 0 0 0 0 1 0 0 0 
0 1 0 0 0 0 0 0 1 0 0 0 0 0 0 1 0 0 0 0 0 0 0 0 0 0 0 1 0 0 0 0 1 0 0 1 
0 0 0 0 0 0 0 0 1 0 0 0 0 0 0 0 -1 0 0 0 0 0 1 0 0 0 0 0 1 0 0 0 1 0 0 0 
1 0 0 0 0 1 0 0 0 0 0 0 0 0 0 -1 0 0 0 1 -1 0 0 1 1 0 0 0 0 0 0 0 0 0 0 0 
0 1 0 0 0 0 0 0 1 0 0 0 0 1 0 0 0 0 0 1 0 0 0 0 0 0 0 1 0 0 0 0 0 0 0 0 
0 1 0 0 0 0 0 0 1 -1 0 0 0 1 0 0 0 0 1 0 0 0 0 0 0 0 0 0 0 0 0 0 0 1 0 0 
0 0 0 1 0 0 0 0 0 0 1 0 1 0 1 0 0 0 0 0 0 0 0 0 0 0 1 0 0 0 1 0 0 0 0 0 
0 0 1 0 0 0 0 0 0 0 0 0 1 0 0 0 0 0 0 0 0 0 0 0 0 0 0 0 0 1 0 0 0 0 0 0 
0 0 0 0 -1 0 0 0 0 0 1 0 1 0 0 0 0 0 0 0 0 0 1 0 0 1 0 0 0 0 0 0 0 0 0 0 
0 0 0 1 0 0 0 0 0 0 1 0 0 0 0 0 0 0 0 0 1 0 0 0 0 0 1 0 0 0 0 1 0 0 0 0 
1 0 1 0 0 0 0 1 0 0 0 0 0 -1 -1 0 0 0 0 0 0 0 0 0 0 0 0 0 0 1 0 1 0 0 0 0 
0 0 0 1 0 0 -1 0 0 0 1 0 0 0 0 0 0 0 0 0 1 1 0 0 0 0 0 0 0 0 0 0 0 0 1 0 
#
0 0 0 0 0 0 0 0 0 0 0 0 0 0 0 1 1 0 0 0 0 0 0 1 1 0 1 0 1 0 1 0 1 0 0 -1 
0 0 1 0 1 0 0 0 0 0 0 0 1 0 1 0 0 0 0 0 0 0 0 0 0 -1 0 1 0 1 -1 0 0 0 0 1 
0 1 0 1 0 0 0 0 1 0 1 0 0 0 0 0 0 0 0 0 0 0 1 0 0 1 -1 -1 -1 0 0 0 0 0 0 0 
0 0 0 1 0 -1 -1 0 0 0 0 1 0 0 0 0 0 0 0 0 1 -1 0 1 0 0 0 0 0 0 1 0 0 0 0 0 
1 1 1 0 1 1 0 0 0 1 0 0 1 1 1 1 0 0 0 1 0 0 0 0 0 -1 0 0 0 0 -1 0 0 -1 0 0 
0 0 0 0 0 0 1 0 0 0 0 -1 0 0 0 0 1 0 1 0 0 1 1 0 0 1 0 0 0 0 0 0 0 1 0 0 
-1 0 0 0 0 -1 0 -1 0 0 0 1 0 0 1 0 0 0 0 0 0 0 0 1 1 0 1 0 0 0 0 1 0 0 0 0 
1 0 1 0 0 1 0 1 0 0 0 0 0 0 0 1 0 1 0 1 0 0 0 0 0 0 0 1 0 1 0 0 0 0 0 0 
0 1 0 1 1 0 1 0 1 1 1 -1 0 0 0 0 1 -1 1 0 0 0 1 0 0 0 -1 -1 0 0 0 0 0 0 1 0 
