# (0, 2, 1) permutation of algorithms/smirnov336-40-960
-.125 .125 0 -.125 -.125 0 0 .125 0 0 0 -.125 -.125 0 0 -.125 -.125 -.125 .125 .125 -.125 -.125 0 0 -.125 -.125 0 0 0 0 0 0 -.125 .125 -.125 -.125 .125 .125 .125 .125
-1 0 0 1 0 1 0 1 0 -1 1 0 1 0 -1 0 0 1 0 1 0 0 1 -1 -1 -1 1 1 1 1 1 -1 1 0 1 -1 0 0 -1 0
0 -1 -1 0 -1 0 -1 0 1 0 0 -1 0 -1 0 1 0 -1 0 1 0 0 1 -1 1 -1 1 1 1 1 1 -1 -1 0 1 1 0 0 -1 0
0 -1 0 0 1 -1 0 0 0 1 1 -1 0 0 -1 -1 0 1 0 1 0 0 0 0 1 1 0 0 0 0 0 0 -1 0 1 -1 0 0 1 0
0 0 -.125 0 0 -.125 -.125 0 -.125 -.125 .125 0 0 .125 .125 0 -.125 -.125 .125 -.125 -.125 -.125 0 0 -.125 .125 0 0 0 0 0 0 -.125 .125 .125 -.125 .125 .125 -.125 .125
1 0 1 1 0 0 -1 1 1 0 0 0 -1 1 0 0 0 1 0 -1 0 0 0 0 1 -1 0 0 0 0 0 0 -1 0 -1 -1 0 0 -1 0
-.125 .125 0 .125 .125 0 0 -.125 0 0 0 -.125 -.125 0 0 .125 .125 .125 .125 .125 .125 -.125 0 0 -.125 .125 0 0 0 0 0 0 -.125 .125 -.125 .125 .125 -.125 -.125 -.125
0 1 1 0 -1 0 -1 0 1 0 0 1 0 1 0 1 1 0 1 0 1 1 0 0 0 0 0 0 0 0 0 0 0 1 0 0 -1 1 0 1
1 0 0 1 0 1 0 1 0 -1 -1 0 -1 0 1 0 -1 0 -1 0 1 1 0 0 0 0 0 0 0 0 0 0 0 1 0 0 1 -1 0 1
1 0 1 -1 0 0 1 -1 -1 0 0 0 -1 1 0 0 1 0 -1 0 -1 1 -1 1 0 0 -1 -1 -1 -1 -1 1 0 1 0 0 1 1 0 -1
0 0 -.125 0 0 .125 .125 0 .125 .125 .125 0 0 .125 .125 0 -.125 -.125 -.125 -.125 .125 -.125 0 0 .125 -.125 0 0 0 0 0 0 .125 .125 .125 -.125 -.125 .125 .125 -.125
0 -1 0 0 -1 1 0 0 0 -1 1 -1 0 0 -1 1 1 0 -1 0 1 -1 1 -1 0 0 1 1 1 1 1 -1 0 -1 0 0 1 1 0 1
0 0 -.125 0 0 .125 .125 0 -.125 -.125 -.125 0 0 -.125 .125 0 0 0 0 0 0 0 .125 .125 0 0 .125 -.125 .125 -.125 .125 .125 0 0 0 0 0 0 0 0
1 0 0 -1 0 1 0 1 0 1 1 0 1 0 1 0 0 -1 0 -1 0 0 1 1 1 -1 -1 1 1 1 -1 1 1 0 1 -1 0 0 1 0
0 1 1 0 1 0 -1 0 -1 0 0 -1 0 -1 0 1 0 1 0 1 0 0 -1 -1 -1 1 -1 1 1 -1 1 1 -1 0 -1 1 0 0 -1 0
1 0 1 1 0 0 1 -1 1 0 0 0 1 -1 0 0 1 0 -1 0 1 1 -1 1 0 0 -1 -1 1 1 1 -1 0 -1 0 0 -1 -1 0 -1
-.125 .125 0 -.125 -.125 0 0 -.125 0 0 0 .125 .125 0 0 .125 0 0 0 0 0 0 -.125 -.125 0 0 .125 -.125 .125 .125 -.125 .125 0 0 0 0 0 0 0 0
0 -1 0 0 1 1 0 0 0 1 -1 1 0 0 -1 1 1 0 -1 0 1 1 1 -1 0 0 -1 -1 1 -1 -1 -1 0 -1 0 0 -1 -1 0 -1
#
0 0 -1 0 0 -1 -1 0 -1 -1 -1 0 0 1 1 0 -1 -1 -1 1 1 1 0 0 1 -1 0 0 0 0 0 0 -1 1 -1 -1 -1 1 1 -1
0 0 -1 0 0 1 1 0 1 1 -1 0 0 1 1 0 -1 -1 1 1 -1 1 0 0 -1 1 0 0 0 0 0 0 1 1 -1 -1 1 1 -1 1
-1 -1 0 -1 -1 0 0 1 0 0 0 -1 -1 0 0 1 0 0 0 0 0 0 1 -1 0 0 -1 1 -1 -1 1 1 0 0 0 0 0 0 0 0
-.125 0 0 -.125 0 -.125 0 .125 0 .125 .125 0 -.125 0 .125 0 -.125 0 -.125 0 .125 -.125 0 0 0 0 0 0 0 0 0 0 0 .125 0 0 .125 -.125 0 .125
0 .125 .125 0 -.125 0 -.125 0 .125 0 0 .125 0 .125 0 .125 0 .125 0 .125 0 0 -.125 -.125 -.125 .125 -.125 -.125 -.125 -.125 -.125 -.125 -.125 0 .125 -.125 0 0 .125 0
0 -.125 -.125 0 .125 0 -.125 0 -.125 0 0 .125 0 .125 0 .125 0 -.125 0 .125 0 0 .125 -.125 .125 -.125 .125 -.125 -.125 .125 -.125 .125 -.125 0 -.125 -.125 0 0 .125 0
0 -.125 .125 0 -.125 0 .125 0 -.125 0 0 -.125 0 .125 0 .125 .125 0 .125 0 .125 -.125 0 0 0 0 0 0 0 0 0 0 0 .125 0 0 -.125 .125 0 .125
.125 0 0 -.125 0 .125 0 .125 0 -.125 .125 0 .125 0 .125 0 0 -.125 0 .125 0 0 .125 .125 .125 .125 .125 .125 .125 .125 .125 .125 .125 0 .125 .125 0 0 .125 0
.125 0 0 -.125 0 -.125 0 -.125 0 -.125 -.125 0 -.125 0 .125 0 0 -.125 0 .125 0 0 -.125 .125 .125 -.125 .125 -.125 -.125 -.125 .125 .125 -.125 0 -.125 -.125 0 0 .125 0
0 -.125 0 0 .125 .125 0 0 0 -.125 .125 -.125 0 0 .125 -.125 -.125 0 .125 0 -.125 -.125 .125 .125 0 0 .125 .125 .125 .125 .125 .125 0 .125 0 0 -.125 -.125 0 -.125
.125 0 .125 .125 0 0 .125 -.125 -.125 0 0 0 .125 .125 0 0 0 .125 0 .125 0 0 0 0 .125 -.125 0 0 0 0 0 0 .125 0 .125 -.125 0 0 -.125 0
0 .125 0 0 .125 -.125 0 0 0 -.125 .125 -.125 0 0 -.125 .125 .125 0 -.125 0 .125 -.125 -.125 -.125 0 0 .125 .125 -.125 .125 .125 -.125 0 -.125 0 0 -.125 -.125 0 -.125
1 -1 0 -1 1 0 0 -1 0 0 0 1 -1 0 0 1 1 -1 1 1 1 1 0 0 1 -1 0 0 0 0 0 0 -1 1 -1 -1 1 -1 1 -1
-1 1 0 -1 1 0 0 -1 0 0 0 -1 1 0 0 1 1 -1 -1 -1 1 -1 0 0 -1 -1 0 0 0 0 0 0 1 -1 1 -1 -1 -1 1 -1
0 0 1 0 0 -1 1 0 -1 1 1 0 0 1 1 0 0 0 0 0 0 0 -1 1 0 0 -1 1 -1 1 -1 1 0 0 0 0 0 0 0 0
.125 0 -.125 -.125 0 0 .125 .125 -.125 0 0 0 .125 -.125 0 0 -.125 0 .125 0 .125 .125 .125 .125 0 0 .125 .125 .125 .125 .125 .125 0 -.125 0 0 -.125 -.125 0 .125
0 -.125 0 0 -.125 .125 0 0 0 -.125 -.125 -.125 0 0 -.125 .125 0 .125 0 -.125 0 0 0 0 .125 .125 0 0 0 0 0 0 .125 0 -.125 -.125 0 0 .125 0
.125 0 -.125 .125 0 0 .125 .125 .125 0 0 0 -.125 .125 0 0 -.125 0 .125 0 -.125 .125 .125 .125 0 0 .125 .125 -.125 -.125 -.125 -.125 0 .125 0 0 .125 .125 0 .125
#
1 1 -1 -1 1 -1 -1 1 -1 -1 1 1 -1 -1 -1 1 0 1 0 0 -1 -1 0 0 -1 0 1 -1 1 0 0 1 1 1 0 1 0 0 0 -1
0 0 0 0 0 0 0 0 0 0 0 0 0 0 0 0 0 1 0 1 0 0 0 0 1 -1 0 0 0 0 0 0 -1 0 1 1 0 0 -1 0
1 -1 -1 1 1 1 -1 1 1 -1 1 1 1 1 1 -1 0 0 0 1 1 -1 0 0 0 1 1 -1 -1 0 0 -1 0 -1 -1 0 0 0 -1 -1
0 0 0 0 0 0 0 0 0 0 0 0 0 0 0 0 -1 0 -1 0 1 -1 0 0 0 0 0 0 0 0 0 0 0 1 0 0 -1 -1 0 1
1 1 1 -1 1 1 1 1 1 1 -1 1 -1 1 1 1 -1 0 1 1 0 0 -1 -1 0 1 0 0 0 1 -1 0 0 0 1 0 1 -1 1 0
1 -1 -1 -1 -1 -1 1 -1 -1 1 1 1 1 1 1 1 0 0 0 1 -1 -1 1 -1 0 -1 0 0 0 -1 -1 0 0 -1 -1 0 0 0 1 1
-1 -1 1 1 -1 -1 -1 1 1 1 1 1 -1 -1 1 1 -1 -1 -1 0 0 0 0 0 1 0 -1 -1 1 0 0 -1 1 0 0 1 1 1 0 0
1 1 1 1 -1 1 1 1 -1 -1 1 -1 1 -1 1 1 -1 -1 1 0 0 0 -1 -1 -1 0 0 0 0 -1 1 0 -1 0 0 1 -1 1 0 0
0 0 0 0 0 0 0 0 0 0 0 0 0 0 0 0 0 0 0 0 0 0 1 -1 0 0 -1 -1 -1 1 1 1 0 0 0 0 0 0 0 0
