# Eliminated version of grey333-23-152
0 0 0 0 0 0 0 0 0 0 0 0 0 0 0 0 0 0 0 0 0 0 0
-1 0 0 0 0 0 0 0 0 0 0 1 0 0 0 0 0 0 -1 0 0 0 0
0 -1 0 0 -1 0 0 1 0 0 0 0 0 0 0 0 0 0 0 0 0 0 0
0 0 0 0 0 0 0 0 0 0 0 -1 -1 0 0 0 0 1 0 0 0 0 0
0 0 0 0 0 0 0 0 0 1 0 0 0 0 0 0 0 0 0 0 0 1 0
0 0 0 0 0 0 0 0 0 1 0 0 0 0 0 0 0 0 0 0 0 0 0
0 0 0 0 0 0 1 0 0 0 0 0 0 0 0 0 0 0 0 0 0 0 0
0 0 0 0 0 0 0 0 0 0 0 0 0 -1 0 0 1 0 0 0 0 1 0
0 0 0 0 0 1 0 0 0 0 -1 0 0 0 0 0 0 0 0 0 1 0 1
0 0 1 0 0 0 0 0 0 -1 0 0 0 0 0 0 0 0 0 0 0 0 0
0 0 0 1 0 1 0 0 0 0 0 0 0 1 0 0 0 0 0 1 0 0 0
0 0 0 1 0 0 0 0 0 0 0 0 0 0 0 0 0 0 0 0 -1 0 0
0 0 0 0 1 0 0 0 0 0 0 0 0 0 0 0 0 0 -1 0 0 0 0
0 0 0 0 0 0 0 0 1 0 0 0 0 0 0 -1 0 0 0 0 1 0 0
0 0 0 0 0 0 0 0 0 0 0 0 1 0 1 0 0 0 0 0 0 0 0
#
0 0 0 1 0 0 0 0 0 0 0 0 0 1 0 1 0 0 0 0 0 0 0
0 0 0 0 0 0 0 0 0 0 0 0 0 0 0 0 0 0 0 0 0 0 0
0 0 0 0 0 0 1 0 0 0 0 0 0 0 0 0 0 0 0 0 0 0 0
0 0 0 0 0 0 0 0 0 0 0 0 0 0 0 0 1 0 0 0 0 0 0
0 0 0 0 0 0 0 0 0 0 0 0 0 0 0 0 0 0 0 -1 0 0 0
0 0 0 0 0 0 0 0 0 0 -1 0 0 0 0 0 0 0 1 0 1 0 0
0 -1 0 0 0 0 0 0 0 0 0 0 0 0 -1 0 0 0 0 0 0 0 1
0 0 0 0 0 0 0 0 0 1 0 0 0 0 0 0 0 0 0 1 0 0 0
0 0 0 0 0 0 0 1 0 0 1 0 0 0 0 0 0 0 0 0 0 0 0
1 0 0 0 0 0 0 0 0 0 0 0 0 0 0 0 0 0 0 0 0 -1 0
0 0 1 0 1 0 0 -1 0 0 0 0 0 0 0 0 0 -1 0 0 0 0 0
0 0 1 0 0 0 0 0 0 0 0 0 -1 0 0 0 0 -1 0 0 0 0 0
0 0 0 0 0 1 0 0 0 0 0 0 0 0 0 0 0 0 0 0 0 0 1
0 0 0 0 0 0 1 0 -1 0 0 0 0 0 0 0 0 0 -1 0 0 0 0
0 0 0 0 0 0 0 0 0 0 0 1 0 0 0 0 0 1 0 0 0 0 0
0 0 0 0 0 0 0 0 0 0 0 0 0 1 0 0 -1 0 0 0 0 0 0
#
1 1 0 0 0 0 0 0 0 0 0 0 0 0 0 1 0 0 0 0 0 0 0
0 0 1 0 0 0 0 1 -1 0 0 1 0 0 0 -1 0 1 0 0 0 0 0
0 0 0 0 -1 0 -1 1 -1 0 0 0 0 0 0 0 0 0 -1 0 0 0 0
0 0 0 0 0 1 0 0 0 0 0 0 0 1 1 0 -1 0 0 -1 0 1 -1
0 0 1 0 0 0 0 1 0 1 0 0 0 0 0 0 0 1 0 1 0 0 0
0 0 1 0 0 1 0 1 0 1 1 0 -1 0 0 0 0 0 0 0 0 0 0
0 0 0 1 0 -1 0 0 0 0 0 0 0 -1 0 0 1 0 0 1 0 0 1
0 0 0 -1 0 1 0 0 1 0 0 0 0 1 0 0 0 0 1 -1 1 0 0
0 0 0 0 0 0 1 0 1 0 -1 0 0 0 0 0 0 0 1 0 1 0 0
# Substitution information
0 0 1 1 0 0 0 0 0
0 0 0 1 -1 0 0 0 0
0 0 0 0 0 0 1 -1 0
-1 0 0 0 0 0 -1 0 0
-1 1 0 0 0 0 0 0 0
0 0 0 0 0 -1 0 0 -1
#
-1 0 0 -1 0 0 0 0 0
0 0 1 0 0 1 0 0 0
0 0 0 0 0 0 0 1 -1
0 0 0 0 0 -1 0 1 0
-1 -1 0 0 0 0 0 0 0
0 1 0 0 1 0 0 0 0
0 0 0 0 -1 1 0 0 0
